Cluster	Channel	1pe_code	Rel_sens
1	4	20.27	1.12
1	5	0.71	1.12
1	6	20.06	1.02
1	7	0.81	1.02
1	8	20.66	0.95
1	9	0.8	0.95
1	10	21.15	0.98
1	11	0.87	0.98
1	12	18.45	1.14
1	13	0.71	1.14
1	14	21.05	1.02
1	15	0.97	1.02
1	16	20.48	1.21
1	17	1.19	1.21
1	18	20.85	1.08
1	19	0.66	1.08
1	20	19.94	1.23
1	21	1.05	1.23
1	22	21.21	0.99
1	23	0.99	0.99
1	24	19.78	1.06
1	25	1.0	1.06
1	26	18.51	1.12
1	27	0.9	1.12
1	28	21.06	1.03
1	29	1.12	1.03
1	30	21.28	0.98
1	31	0.71	0.98
1	32	19.19	1.06
1	33	0.61	1.06
1	34	21.17	0.99
1	35	0.77	0.99
1	36	22.06	0.9
1	37	0.71	0.9
1	38	20.05	1.02
1	39	1.13	1.02
1	40	22.52	0.95
1	41	0.73	0.95
1	42	20.8	1.01
1	43	0.59	1.01
1	44	21.41	1.09
1	45	0.81	1.09
1	46	19.61	1.04
1	47	0.65	1.04
1	48	20.16	1.07
1	49	0.92	1.07
1	50	19.24	1.07
1	51	0.88	1.07
1	52	24.51	0.89
1	53	0.88	0.89
1	54	19.31	1.08
1	55	0.82	1.08
1	56	22.54	0.91
1	57	0.97	0.91
1	58	21.13	1.04
1	59	0.94	1.04
2	4	21.88	0.96
2	5	0.7	0.96
2	6	21.01	1.02
2	7	1.19	1.02
2	8	20.49	0.95
2	9	0.96	0.95
2	10	23.08	1.05
2	11	0.75	1.05
2	12	21.02	0.89
2	13	0.8	0.89
2	14	21.7	1.08
2	15	0.82	1.08
2	16	20.63	0.97
2	17	0.69	0.97
2	18	20.65	1.03
2	19	0.7	1.03
2	20	19.49	0.95
2	21	0.9	0.95
2	22	18.36	1.03
2	23	0.91	1.03
2	24	20.38	0.98
2	25	0.88	0.98
2	26	19.91	1.07
2	27	0.66	1.07
2	28	18.42	1.0
2	29	1.13	1.0
2	30	19.74	1.22
2	31	0.63	1.22
2	32	21.51	0.88
2	33	0.93	0.88
2	34	22.3	1.16
2	35	0.63	1.16
2	36	20.69	1.16
2	37	0.65	1.16
2	38	20.58	1.29
2	39	0.86	1.29
2	40	21.16	1.25
2	41	0.53	1.25
2	42	20.59	1.25
2	43	0.92	1.25
2	44	19.76	1.18
2	45	0.8	1.18
2	46	20.65	1.17
2	47	0.68	1.17
2	48	21.0	1.1
2	49	0.46	1.1
2	50	19.79	1.17
2	51	0.92	1.17
2	52	19.19	1.11
2	53	0.61	1.11
2	54	19.31	1.31
2	55	0.65	1.31
2	56	21.9	1.25
2	57	0.98	1.25
2	58	21.32	1.15
2	59	0.86	1.15
3	4	25.2	1.32
3	5	0.74	1.32
3	6	28.35	1.11
3	7	0.93	1.11
3	8	24.52	1.22
3	9	0.52	1.22
3	10	23.9	1.41
3	11	0.76	1.41
3	12	21.41	1.25
3	13	0.61	1.25
3	14	29.43	0.86
3	15	1.05	0.86
3	16	23.63	1.26
3	17	1.05	1.26
3	18	23.09	1.03
3	19	0.61	1.03
3	20	21.85	1.37
3	21	0.85	1.37
3	22	24.09	1.18
3	23	0.55	1.18
3	24	23.81	1.15
3	25	0.69	1.15
3	26	24.06	1.17
3	27	0.59	1.17
3	28	22.36	1.3
3	29	0.9	1.3
3	30	21.61	1.29
3	31	0.65	1.29
3	32	24.86	1.14
3	33	0.84	1.14
3	34	29.34	1.11
3	35	1.05	1.11
3	36	27.26	1.04
3	37	0.64	1.04
3	38	24.48	1.06
3	39	0.53	1.06
3	40	23.12	1.13
3	41	0.48	1.13
3	42	28.41	1.02
3	43	0.92	1.02
3	44	23.63	0.99
3	45	0.63	0.99
3	46	23.3	1.29
3	47	0.52	1.29
3	48	24.27	0.96
3	49	0.56	0.96
3	50	26.2	1.17
3	51	0.4	1.17
3	52	24.16	1.18
3	53	0.6	1.18
3	54	27.56	1.18
3	55	0.84	1.18
3	56	25.15	1.15
3	57	0.7	1.15
3	58	23.92	1.23
3	59	0.84	1.23
4	4	19.75	1.2
4	5	0.77	1.2
4	6	21.63	1.0
4	7	0.95	1.0
4	8	19.3	1.49
4	9	0.68	1.49
4	10	22.55	0.91
4	11	0.96	0.91
4	12	18.94	1.29
4	13	0.94	1.29
4	14	20.25	1.05
4	15	0.69	1.05
4	16	20.67	1.05
4	17	0.95	1.05
4	18	19.11	1.19
4	19	0.92	1.19
4	20	18.97	1.09
4	21	0.94	1.09
4	22	20.87	1.18
4	23	0.84	1.18
4	24	18.34	1.09
4	25	1.06	1.09
4	26	21.97	1.19
4	27	1.21	1.19
4	28	20.99	1.29
4	29	1.1	1.29
4	30	19.76	1.14
4	31	1.02	1.14
4	32	22.29	1.25
4	33	0.8	1.25
4	34	22.6	0.97
4	35	0.73	0.97
4	36	19.55	1.28
4	37	0.79	1.28
4	38	25.31	0.86
4	39	1.08	0.86
4	40	19.04	1.29
4	41	0.93	1.29
4	42	19.24	1.04
4	43	0.88	1.04
4	44	20.46	1.38
4	45	0.84	1.38
4	46	23.95	0.9
4	47	0.92	0.9
4	48	19.34	1.36
4	49	0.92	1.36
4	50	20.38	1.13
4	51	0.64	1.13
4	52	21.89	1.28
4	53	0.95	1.28
4	54	21.32	1.06
4	55	0.96	1.06
4	56	19.04	1.43
4	57	0.89	1.43
4	58	21.88	0.93
4	59	1.01	0.93
5	4	19.98	1.07
5	5	0.8	1.07
5	6	21.06	1.07
5	7	0.96	1.07
5	8	20.17	1.1
5	9	0.77	1.1
5	10	22.77	0.94
5	11	1.04	0.94
5	12	19.23	1.1
5	13	0.82	1.1
5	14	18.99	1.1
5	15	0.97	1.1
5	16	20.84	1.05
5	17	0.86	1.05
5	18	19.82	1.01
5	19	0.99	1.01
5	20	19.66	1.16
5	21	0.91	1.16
5	22	20.15	1.04
5	23	0.73	1.04
5	24	18.06	1.13
5	25	0.83	1.13
5	26	20.04	1.04
5	27	0.96	1.04
5	28	19.03	1.13
5	29	0.93	1.13
5	30	21.53	1.0
5	31	0.88	1.0
5	32	20.09	1.0
5	33	0.99	1.0
5	34	22.48	1.08
5	35	1.1	1.08
5	36	22.62	0.93
5	37	1.13	0.93
5	38	21.9	1.23
5	39	1.31	1.23
5	40	21.14	1.02
5	41	0.63	1.02
5	42	22.91	1.25
5	43	0.74	1.25
5	44	19.24	1.05
5	45	0.78	1.05
5	46	21.0	1.3
5	47	1.04	1.3
5	48	19.45	1.16
5	49	0.68	1.16
5	50	22.7	1.1
5	51	0.88	1.1
5	52	20.49	1.02
5	53	0.79	1.02
5	54	19.72	1.07
5	55	0.97	1.07
5	56	23.46	0.99
5	57	1.01	0.99
5	58	24.76	1.1
5	59	1.25	1.1
6	4	22.35	1.06
6	5	0.76	1.06
6	6	25.67	1.18
6	7	0.57	1.18
6	8	26.13	1.11
6	9	0.62	1.11
6	10	21.85	1.24
6	11	0.82	1.24
6	12	21.29	1.12
6	13	0.57	1.12
6	14	23.8	0.96
6	15	0.97	0.96
6	16	21.89	1.03
6	17	0.72	1.03
6	18	21.52	1.03
6	19	0.54	1.03
6	20	21.06	1.05
6	21	0.79	1.05
6	22	24.05	0.98
6	23	1.18	0.98
6	24	22.67	0.97
6	25	0.76	0.97
6	26	24.06	1.16
6	27	1.11	1.16
6	28	21.18	1.13
6	29	0.84	1.13
6	30	26.19	0.97
6	31	0.83	0.97
6	32	22.73	1.22
6	33	0.75	1.22
6	34	20.99	1.26
6	35	0.74	1.26
6	36	21.65	1.27
6	37	0.64	1.27
6	38	23.03	1.18
6	39	0.52	1.18
6	40	25.04	1.11
6	41	0.68	1.11
6	42	26.27	1.05
6	43	0.61	1.05
6	44	21.5	1.22
6	45	1.0	1.22
6	46	22.16	1.06
6	47	0.56	1.06
6	48	22.58	1.25
6	49	0.92	1.25
6	50	23.48	1.04
6	51	0.81	1.04
6	52	21.87	1.18
6	53	0.7	1.18
6	54	21.8	1.14
6	55	0.55	1.14
6	56	25.8	1.14
6	57	1.09	1.14
6	58	24.86	1.15
6	59	0.87	1.15
7	4	24.25	1.0
7	5	0.91	1.0
7	6	24.86	1.14
7	7	0.8	1.14
7	8	24.55	1.08
7	9	0.75	1.08
7	10	24.88	0.95
7	11	0.97	0.95
7	12	20.33	1.08
7	13	0.66	1.08
7	14	21.29	1.1
7	15	0.72	1.1
7	16	21.61	1.02
7	17	0.82	1.02
7	18	27.31	0.89
7	19	0.88	0.89
7	20	24.75	0.91
7	21	1.05	0.91
7	22	20.28	1.22
7	23	0.65	1.22
7	24	22.11	1.22
7	25	0.88	1.22
7	26	21.96	1.15
7	27	0.95	1.15
7	28	20.17	1.29
7	29	0.94	1.29
7	30	23.22	1.18
7	31	1.0	1.18
7	32	21.0	1.19
7	33	0.89	1.19
7	34	21.49	0.95
7	35	0.89	0.95
7	36	23.32	1.18
7	37	0.75	1.18
7	38	22.99	0.93
7	39	0.59	0.93
7	40	26.08	1.09
7	41	0.95	1.09
7	42	21.69	0.95
7	43	0.65	0.95
7	44	21.87	1.1
7	45	0.74	1.1
7	46	23.57	1.13
7	47	0.72	1.13
7	48	22.03	1.16
7	49	0.65	1.16
7	50	21.0	1.24
7	51	0.79	1.24
7	52	23.52	1.09
7	53	0.8	1.09
7	54	22.16	1.08
7	55	0.75	1.08
7	56	18.97	1.28
7	57	0.81	1.28
7	58	24.04	1.01
7	59	0.66	1.01
8	4	24.04	1.1
8	5	0.95	1.1
8	6	27.88	0.9
8	7	0.8	0.9
8	8	21.13	1.17
8	9	0.68	1.17
8	10	23.95	0.94
8	11	0.97	0.94
8	12	22.87	1.15
8	13	0.88	1.15
8	14	22.63	0.89
8	15	0.77	0.89
8	16	21.57	1.11
8	17	0.91	1.11
8	18	18.84	1.11
8	19	0.97	1.11
8	20	22.17	0.89
8	21	1.04	0.89
8	22	21.3	1.21
8	23	1.02	1.21
8	24	20.69	1.05
8	25	0.72	1.05
8	26	20.65	1.06
8	27	0.96	1.06
8	28	23.03	1.2
8	29	0.83	1.2
8	30	23.78	0.97
8	31	0.84	0.97
8	32	23.86	1.04
8	33	1.17	1.04
8	34	23.35	0.95
8	35	0.97	0.95
8	36	22.05	1.14
8	37	1.0	1.14
8	38	21.08	0.98
8	39	0.81	0.98
8	40	22.92	1.06
8	41	0.71	1.06
8	42	21.62	0.88
8	43	0.93	0.88
8	44	22.91	1.12
8	45	0.65	1.12
8	46	24.79	0.85
8	47	0.62	0.85
8	48	23.05	1.03
8	49	0.86	1.03
8	50	23.22	1.05
8	51	0.94	1.05
8	52	22.37	1.09
8	53	0.71	1.09
8	54	25.42	1.01
8	55	0.78	1.01
8	56	24.32	1.06
8	57	0.88	1.06
8	58	25.53	0.87
8	59	0.66	0.87
9	4	23.1	1.08
9	5	0.81	1.08
9	6	24.51	0.85
9	7	1.03	0.85
9	8	20.46	1.02
9	9	1.04	1.02
9	10	24.85	0.87
9	11	1.09	0.87
9	12	21.25	1.11
9	13	1.15	1.11
9	14	22.5	0.89
9	15	0.93	0.89
9	16	22.45	1.21
9	17	1.09	1.21
9	18	25.25	0.81
9	19	1.03	0.81
9	20	22.09	1.13
9	21	0.99	1.13
9	22	22.82	0.93
9	23	1.01	0.93
9	24	22.46	1.14
9	25	1.19	1.14
9	26	20.28	0.97
9	27	0.9	0.97
9	28	25.25	1.08
9	29	1.28	1.08
9	30	22.19	0.92
9	31	1.14	0.92
9	32	19.81	0.98
9	33	0.81	0.98
9	34	23.17	0.95
9	35	0.87	0.95
9	36	22.52	0.9
9	37	0.95	0.9
9	38	22.67	0.94
9	39	0.81	0.94
9	40	22.97	0.87
9	41	0.89	0.87
9	42	23.11	0.86
9	43	0.71	0.86
9	44	23.12	0.93
9	45	0.79	0.93
9	46	23.24	0.92
9	47	0.84	0.92
9	48	21.81	1.28
9	49	0.98	1.28
9	50	21.51	0.89
9	51	0.86	0.89
9	52	19.1	1.24
9	53	0.93	1.24
9	54	23.32	0.87
9	55	0.97	0.87
9	56	22.18	0.97
9	57	0.65	0.97
9	58	25.69	0.85
9	59	1.03	0.85
10	4	23.61	0.94
10	5	0.73	0.94
10	6	23.23	0.95
10	7	1.03	0.95
10	8	22.34	0.93
10	9	0.71	0.93
10	10	22.32	0.91
10	11	0.95	0.91
10	12	26.45	0.84
10	13	0.82	0.84
10	14	20.75	1.09
10	15	0.91	1.09
10	16	19.9	1.11
10	17	0.88	1.11
10	18	19.91	1.05
10	19	0.73	1.05
10	20	20.93	1.05
10	21	1.0	1.05
10	22	23.13	0.91
10	23	0.93	0.91
10	24	19.67	1.07
10	25	1.02	1.07
10	26	21.31	1.0
10	27	0.94	1.0
10	28	19.18	1.01
10	29	1.07	1.01
10	30	22.35	0.96
10	31	0.77	0.96
10	32	24.73	0.88
10	33	0.77	0.88
10	34	24.5	0.91
10	35	0.73	0.91
10	36	22.28	1.02
10	37	0.78	1.02
10	38	24.4	0.88
10	39	0.83	0.88
10	40	23.16	0.89
10	41	1.07	0.89
10	42	23.48	0.92
10	43	0.91	0.92
10	44	27.89	0.75
10	45	1.05	0.75
10	46	20.63	1.04
10	47	0.77	1.04
10	48	25.69	0.86
10	49	0.87	0.86
10	50	23.63	0.91
10	51	0.71	0.91
10	52	21.14	1.01
10	53	0.7	1.01
10	54	24.8	0.89
10	55	0.71	0.89
10	56	23.35	0.93
10	57	1.02	0.93
10	58	26.85	0.88
10	59	0.82	0.88
11	4	21.39	1.01
11	5	0.95	1.01
11	6	23.79	0.99
11	7	0.92	0.99
11	8	25.48	0.95
11	9	0.83	0.95
11	10	19.29	1.06
11	11	0.98	1.06
11	12	25.46	0.89
11	13	0.91	0.89
11	14	22.65	0.94
11	15	1.22	0.94
11	16	21.4	1.03
11	17	1.05	1.03
11	18	24.14	0.98
11	19	0.92	0.98
11	20	21.28	1.03
11	21	0.89	1.03
11	22	21.32	0.96
11	23	1.04	0.96
11	24	21.76	1.03
11	25	0.93	1.03
11	26	26.44	0.83
11	27	1.05	0.83
11	28	19.95	1.1
11	29	0.97	1.1
11	30	23.41	0.99
11	31	0.88	0.99
11	32	24.9	0.86
11	33	0.72	0.86
11	34	21.83	0.99
11	35	0.93	0.99
11	36	21.83	1.0
11	37	0.86	1.0
11	38	22.85	0.98
11	39	0.8	0.98
11	40	25.04	0.87
11	41	0.99	0.87
11	42	21.69	1.05
11	43	0.91	1.05
11	44	33.03	0.66
11	45	0.92	0.66
11	46	26.59	0.84
11	47	0.79	0.84
11	48	32.54	0.72
11	49	0.73	0.72
11	50	24.99	0.98
11	51	0.79	0.98
11	52	25.36	0.92
11	53	0.98	0.92
11	54	21.54	1.07
11	55	0.92	1.07
11	56	26.37	0.94
11	57	0.93	0.94
11	58	24.0	1.01
11	59	0.94	1.01
12	4	23.33	0.9
12	5	0.95	0.9
12	6	24.43	0.88
12	7	0.92	0.88
12	8	20.84	0.99
12	9	1.03	0.99
12	10	20.61	1.23
12	11	0.98	1.23
12	12	20.06	1.04
12	13	0.85	1.04
12	14	20.48	1.24
12	15	0.88	1.24
12	16	20.44	1.03
12	17	0.84	1.03
12	18	20.95	0.95
12	19	0.96	0.95
12	20	21.82	0.98
12	21	1.35	0.98
12	22	20.79	0.98
12	23	0.89	0.98
12	24	19.07	1.04
12	25	0.96	1.04
12	26	21.89	0.93
12	27	0.91	0.93
12	28	17.55	1.08
12	29	0.89	1.08
12	30	21.38	0.96
12	31	1.2	0.96
12	32	19.98	0.98
12	33	1.15	0.98
12	34	21.57	1.16
12	35	0.83	1.16
12	36	22.76	0.89
12	37	1.09	0.89
12	38	21.09	1.16
12	39	0.81	1.16
12	40	21.39	0.94
12	41	0.79	0.94
12	42	25.41	0.88
12	43	0.77	0.88
12	44	22.48	0.92
12	45	0.77	0.92
12	46	22.41	0.95
12	47	0.79	0.95
12	48	22.88	1.04
12	49	0.76	1.04
12	50	20.09	0.97
12	51	0.74	0.97
12	52	20.9	1.01
12	53	0.83	1.01
12	54	22.72	0.97
12	55	0.92	0.97
12	56	21.33	0.98
12	57	1.01	0.98
12	58	20.51	1.0
12	59	0.92	1.0
13	4	20.61	1.08
13	5	0.9	1.08
13	6	21.64	0.95
13	7	0.97	0.95
13	8	21.43	1.06
13	9	0.85	1.06
13	10	22.47	0.9
13	11	0.95	0.9
13	12	25.49	0.83
13	13	0.94	0.83
13	14	26.9	0.81
13	15	0.93	0.81
13	16	21.25	1.0
13	17	1.34	1.0
13	18	19.04	1.03
13	19	0.91	1.03
13	20	24.67	0.84
13	21	1.07	0.84
13	22	19.64	1.1
13	23	0.9	1.1
13	24	19.5	1.05
13	25	1.18	1.05
13	26	19.83	1.0
13	27	1.14	1.0
13	28	21.16	1.04
13	29	0.88	1.04
13	30	20.17	1.13
13	31	0.89	1.13
13	32	24.28	0.91
13	33	1.1	0.91
13	34	22.22	1.04
13	35	0.89	1.04
13	36	24.11	0.89
13	37	1.04	0.89
13	38	19.89	1.16
13	39	0.89	1.16
13	40	21.47	0.95
13	41	0.9	0.95
13	42	23.07	0.98
13	43	1.03	0.98
13	44	22.72	0.97
13	45	0.61	0.97
13	46	23.32	0.86
13	47	1.18	0.86
13	48	23.8	0.96
13	49	1.17	0.96
13	50	19.55	1.09
13	51	0.89	1.09
13	52	20.92	1.05
13	53	0.97	1.05
13	54	22.27	0.94
13	55	0.98	0.94
13	56	21.03	0.98
13	57	0.98	0.98
13	58	23.21	0.95
13	59	0.94	0.95
14	4	21.77	0.64
14	5	0.87	0.64
14	6	23.42	0.9
14	7	0.94	0.9
14	8	20.99	0.96
14	9	1.14	0.96
14	10	23.66	0.87
14	11	0.8	0.87
14	12	22.49	0.43
14	13	0.69	0.43
14	14	21.36	1.03
14	15	0.84	1.03
14	16	-1.0	-1.0
14	17	-1.0	-1.0
14	18	25.32	0.88
14	19	1.18	0.88
14	20	-1.0	-1.0
14	21	-1.0	-1.0
14	22	22.29	1.01
14	23	0.99	1.01
14	24	26.08	0.78
14	25	1.09	0.78
14	26	22.2	0.94
14	27	1.14	0.94
14	28	20.66	1.04
14	29	0.85	1.04
14	30	21.24	0.97
14	31	0.94	0.97
14	32	20.36	0.99
14	33	0.91	0.99
14	34	23.0	0.96
14	35	0.9	0.96
14	36	20.66	1.06
14	37	0.77	1.06
14	38	26.84	0.81
14	39	0.89	0.81
14	40	23.31	0.94
14	41	1.04	0.94
14	42	24.48	0.89
14	43	0.92	0.89
14	44	22.73	0.94
14	45	0.89	0.94
14	46	27.99	0.76
14	47	0.94	0.76
14	48	23.46	0.93
14	49	1.27	0.93
14	50	21.23	1.02
14	51	0.71	1.02
14	52	23.1	0.91
14	53	1.24	0.91
14	54	22.53	0.93
14	55	0.79	0.93
14	56	22.92	0.97
14	57	0.84	0.97
14	58	25.2	0.91
14	59	0.75	0.91
15	4	23.35	0.85
15	5	0.95	0.85
15	6	23.63	0.83
15	7	0.97	0.83
15	8	22.79	0.89
15	9	1.19	0.89
15	10	19.45	1.01
15	11	0.96	1.01
15	12	19.12	0.99
15	13	0.88	0.99
15	14	19.65	0.97
15	15	1.01	0.97
15	16	22.57	0.94
15	17	0.87	0.94
15	18	21.95	0.95
15	19	0.8	0.95
15	20	22.36	0.95
15	21	1.0	0.95
15	22	20.86	0.9
15	23	0.95	0.9
15	24	20.29	1.02
15	25	0.87	1.02
15	26	21.33	0.92
15	27	1.27	0.92
15	28	23.07	0.9
15	29	0.85	0.9
15	30	21.31	0.91
15	31	0.84	0.91
15	32	21.4	0.89
15	33	1.0	0.89
15	34	21.63	0.87
15	35	0.82	0.87
15	36	23.37	0.86
15	37	1.13	0.86
15	38	21.25	0.92
15	39	0.87	0.92
15	40	18.44	1.07
15	41	0.7	1.07
15	42	22.01	0.89
15	43	0.99	0.89
15	44	20.65	0.99
15	45	0.83	0.99
15	46	22.13	0.89
15	47	0.95	0.89
15	48	24.37	0.88
15	49	1.02	0.88
15	50	23.12	0.96
15	51	0.9	0.96
15	52	22.56	0.94
15	53	0.86	0.94
15	54	22.39	0.95
15	55	0.82	0.95
15	56	21.12	0.93
15	57	0.79	0.93
15	58	23.91	0.89
15	59	1.1	0.89
16	4	21.49	0.99
16	5	1.23	0.99
16	6	25.13	0.8
16	7	1.34	0.8
16	8	21.72	0.9
16	9	1.12	0.9
16	10	23.34	0.86
16	11	1.25	0.86
16	12	21.35	0.95
16	13	1.01	0.95
16	14	24.18	0.54
16	15	1.15	0.54
16	16	20.24	0.95
16	17	0.99	0.95
16	18	20.93	0.46
16	19	1.36	0.46
16	20	19.66	0.98
16	21	1.19	0.98
16	22	24.68	0.78
16	23	1.54	0.78
16	24	22.74	0.93
16	25	1.32	0.93
16	26	21.71	0.93
16	27	1.0	0.93
16	28	21.8	0.93
16	29	0.91	0.93
16	30	24.77	0.81
16	31	1.02	0.81
16	32	22.65	0.89
16	33	0.86	0.89
16	34	27.77	0.74
16	35	1.15	0.74
16	36	22.02	0.94
16	37	0.88	0.94
16	38	20.64	1.01
16	39	0.79	1.01
16	40	22.85	0.9
16	41	1.08	0.9
16	42	22.91	0.86
16	43	0.99	0.86
16	44	21.6	0.99
16	45	0.83	0.99
16	46	21.4	0.92
16	47	1.22	0.92
16	48	24.59	0.83
16	49	1.25	0.83
16	50	21.74	0.91
16	51	0.86	0.91
16	52	23.62	0.89
16	53	1.06	0.89
16	54	21.9	0.96
16	55	1.0	0.96
16	56	26.86	0.84
16	57	1.26	0.84
16	58	19.39	1.03
16	59	0.97	1.03
17	4	23.54	0.89
17	5	1.09	0.89
17	6	26.39	0.73
17	7	1.31	0.73
17	8	25.29	0.84
17	9	1.27	0.84
17	10	24.58	0.87
17	11	1.34	0.87
17	12	22.03	0.91
17	13	1.18	0.91
17	14	22.67	0.87
17	15	1.21	0.87
17	16	26.54	0.81
17	17	1.1	0.81
17	18	23.85	0.85
17	19	1.13	0.85
17	20	25.21	0.83
17	21	1.33	0.83
17	22	21.5	1.03
17	23	1.0	1.03
17	24	22.94	0.9
17	25	1.05	0.9
17	26	22.86	0.97
17	27	1.2	0.97
17	28	20.47	1.01
17	29	1.15	1.01
17	30	22.34	0.91
17	31	1.27	0.91
17	32	28.49	0.73
17	33	1.23	0.73
17	34	22.57	0.91
17	35	1.21	0.91
17	36	24.03	0.89
17	37	1.17	0.89
17	38	26.61	0.79
17	39	0.9	0.79
17	40	24.01	0.85
17	41	1.2	0.85
17	42	27.54	0.81
17	43	1.07	0.81
17	44	25.62	0.82
17	45	1.09	0.82
17	46	24.07	0.82
17	47	1.06	0.82
17	48	24.49	0.81
17	49	1.0	0.81
17	50	24.09	0.81
17	51	1.27	0.81
17	52	26.44	0.85
17	53	1.09	0.85
17	54	25.53	0.85
17	55	1.19	0.85
17	56	25.09	0.88
17	57	0.85	0.88
17	58	27.77	0.78
17	59	1.31	0.78
18	4	22.39	1.09
18	5	0.84	1.09
18	6	22.94	0.9
18	7	0.94	0.9
18	8	24.38	0.88
18	9	1.22	0.88
18	10	23.92	1.01
18	11	0.64	1.01
18	12	23.89	0.91
18	13	1.04	0.91
18	14	24.0	0.89
18	15	0.97	0.89
18	16	22.85	1.08
18	17	0.68	1.08
18	18	22.93	0.97
18	19	0.65	0.97
18	20	21.74	1.14
18	21	0.97	1.14
18	22	24.48	0.97
18	23	0.88	0.97
18	24	23.56	1.11
18	25	1.01	1.11
18	26	24.51	0.96
18	27	0.75	0.96
18	28	21.13	1.09
18	29	0.89	1.09
18	30	21.33	0.99
18	31	0.98	0.99
18	32	23.06	1.0
18	33	0.83	1.0
18	34	26.48	0.78
18	35	0.73	0.78
18	36	22.79	0.89
18	37	0.64	0.89
18	38	23.37	0.98
18	39	0.85	0.98
18	40	21.56	1.07
18	41	0.54	1.07
18	42	22.52	1.05
18	43	0.48	1.05
18	44	20.72	1.01
18	45	0.78	1.01
18	46	22.36	0.97
18	47	0.86	0.97
18	48	21.33	1.04
18	49	0.51	1.04
18	50	21.69	1.0
18	51	0.92	1.0
18	52	22.53	1.01
18	53	0.68	1.01
18	54	22.02	1.01
18	55	0.89	1.01
18	56	25.21	0.93
18	57	0.86	0.93
18	58	23.53	0.96
18	59	0.77	0.96
19	4	24.74	0.88
19	5	1.04	0.88
19	6	23.73	0.9
19	7	0.86	0.9
19	8	25.89	0.85
19	9	1.09	0.85
19	10	23.95	0.92
19	11	0.8	0.92
19	12	22.62	0.95
19	13	0.92	0.95
19	14	21.48	0.99
19	15	0.75	0.99
19	16	21.67	1.07
19	17	1.05	1.07
19	18	24.26	0.87
19	19	0.93	0.87
19	20	22.7	0.97
19	21	0.92	0.97
19	22	23.33	0.94
19	23	1.12	0.94
19	24	23.56	0.92
19	25	1.07	0.92
19	26	23.97	0.89
19	27	1.11	0.89
19	28	22.69	0.94
19	29	1.37	0.94
19	30	25.47	0.89
19	31	1.37	0.89
19	32	25.01	0.83
19	33	1.05	0.83
19	34	23.97	0.85
19	35	1.03	0.85
19	36	21.67	1.01
19	37	0.93	1.01
19	38	31.84	0.69
19	39	0.76	0.69
19	40	23.28	0.9
19	41	1.28	0.9
19	42	-1.0	-1.0
19	43	-1.0	-1.0
19	44	24.68	0.85
19	45	0.95	0.85
19	46	23.98	0.87
19	47	0.97	0.87
19	48	23.56	0.88
19	49	0.89	0.88
19	50	24.31	0.85
19	51	1.04	0.85
19	52	27.11	0.81
19	53	1.02	0.81
19	54	28.45	0.81
19	55	1.03	0.81
19	56	23.42	1.0
19	57	0.9	1.0
19	58	23.58	0.94
19	59	1.1	0.94
20	4	24.49	1.01
20	5	1.11	1.01
20	6	24.54	0.91
20	7	0.97	0.91
20	8	23.29	0.95
20	9	0.96	0.95
20	10	26.56	0.87
20	11	0.84	0.87
20	12	26.3	0.88
20	13	0.91	0.88
20	14	24.39	0.93
20	15	0.85	0.93
20	16	24.57	1.01
20	17	0.91	1.01
20	18	23.77	0.94
20	19	0.6	0.94
20	20	23.39	0.92
20	21	0.75	0.92
20	22	24.9	0.92
20	23	0.97	0.92
20	24	24.48	0.91
20	25	1.13	0.91
20	26	25.91	0.87
20	27	0.78	0.87
20	28	22.98	1.03
20	29	0.92	1.03
20	30	26.2	0.89
20	31	0.93	0.89
20	32	25.15	0.91
20	33	0.78	0.91
20	36	28.43	0.8
20	37	0.75	0.8
20	40	23.94	0.96
20	41	0.82	0.96
20	44	22.89	1.0
20	45	0.72	1.0
20	48	26.45	0.9
20	49	0.75	0.9
20	52	25.72	0.9
20	53	0.64	0.9
20	56	27.26	0.91
20	57	0.88	0.91
21	6	20.31	1.11
21	7	0.96	1.11
21	10	22.95	0.99
21	11	1.37	0.99
21	14	21.78	0.98
21	15	1.09	0.98
21	18	19.71	1.08
21	19	1.04	1.08
21	22	20.48	1.01
21	23	1.18	1.01
21	26	17.18	1.18
21	27	1.29	1.18
21	30	17.35	1.16
21	31	1.02	1.16
21	32	19.7	1.01
21	33	0.96	1.01
21	34	19.35	1.07
21	35	0.83	1.07
21	36	21.84	0.93
21	37	1.07	0.93
21	38	20.18	1.07
21	39	1.06	1.07
21	40	22.57	0.94
21	41	0.91	0.94
21	42	20.96	1.0
21	43	1.16	1.0
21	44	22.51	0.94
21	45	1.02	0.94
21	46	-1.0	-1.0
21	47	-1.0	-1.0
21	48	22.71	0.94
21	49	0.87	0.94
21	50	21.25	1.03
21	51	1.03	1.03
21	52	23.25	0.87
21	53	1.07	0.87
21	54	21.11	1.0
21	55	0.84	1.0
21	56	21.07	1.12
21	57	0.8	1.12
21	58	22.66	0.98
21	59	1.19	0.98
22	6	20.72	1.05
22	7	1.11	1.05
22	10	23.47	0.96
22	11	1.07	0.96
22	14	20.23	1.02
22	15	1.25	1.02
22	18	23.23	0.95
22	19	1.22	0.95
22	22	19.31	1.11
22	23	1.1	1.11
22	26	24.87	0.84
22	27	0.98	0.84
22	30	22.11	1.06
22	31	1.48	1.06
22	32	21.87	0.97
22	33	0.86	0.97
22	34	19.37	1.15
22	35	0.98	1.15
22	36	22.23	0.99
22	37	0.95	0.99
22	38	20.86	1.02
22	39	0.96	1.02
22	40	20.81	1.07
22	41	1.01	1.07
22	42	21.63	1.04
22	43	0.94	1.04
22	44	25.49	0.84
22	45	1.17	0.84
22	46	24.06	0.89
22	47	0.81	0.89
22	48	19.85	1.08
22	49	0.92	1.08
22	50	22.6	0.87
22	51	1.21	0.87
22	52	20.61	1.02
22	53	0.79	1.02
22	54	24.29	0.94
22	55	0.92	0.94
22	56	22.97	0.99
22	57	0.84	0.99
22	58	20.55	1.04
22	59	0.94	1.04
24	6	20.79	1.0
24	7	1.11	1.0
24	10	21.16	1.0
24	11	0.99	1.0
24	14	23.55	0.89
24	15	1.4	0.89
24	18	20.81	1.04
24	19	0.97	1.04
24	22	22.51	0.95
24	23	1.13	0.95
24	26	23.93	0.94
24	27	0.83	0.94
24	30	20.97	1.01
24	31	1.54	1.01
24	34	23.14	0.92
24	35	1.09	0.92
24	38	20.74	1.02
24	39	1.2	1.02
24	42	22.59	0.99
24	43	1.07	0.99
24	46	23.88	0.92
24	47	1.22	0.92
24	50	19.87	1.01
24	51	0.89	1.01
24	54	21.29	1.04
24	55	1.01	1.04
24	58	23.26	0.99
24	59	1.14	0.99
