Cluster Channel 1pe_code Rel_sens
1 0 25.0 1.0
1 1 25.0 1.0
1 2 25.0 1.0
1 3 25.0 1.0
1 4 25.0 1.0
1 5 25.0 1.0
1 6 25.0 1.0
1 7 25.0 1.0
1 8 25.0 1.0
1 9 25.0 1.0
1 10 25.0 1.0
1 11 25.0 1.0
1 12 25.0 1.0
1 13 25.0 1.0
1 14 25.0 1.0
1 15 25.0 1.0
1 16 25.0 1.0
1 17 25.0 1.0
1 18 25.0 1.0
1 19 25.0 1.0
1 20 25.0 1.0
1 21 25.0 1.0
1 22 25.0 1.0
1 23 25.0 1.0
1 24 25.0 1.0
1 25 25.0 1.0
1 26 25.0 1.0
1 27 25.0 1.0
1 28 25.0 1.0
1 29 25.0 1.0
1 30 25.0 1.0
1 31 25.0 1.0
1 32 25.0 1.0
1 33 25.0 1.0
1 34 25.0 1.0
1 35 25.0 1.0
1 36 25.0 1.0
1 37 25.0 1.0
1 38 25.0 1.0
1 39 25.0 1.0
1 40 25.0 1.0
1 41 25.0 1.0
1 42 25.0 1.0
1 43 25.0 1.0
1 44 25.0 1.0
1 45 25.0 1.0
1 46 25.0 1.0
1 47 25.0 1.0
1 48 25.0 1.0
1 49 25.0 1.0
1 50 25.0 1.0
1 51 25.0 1.0
1 52 25.0 1.0
1 53 25.0 1.0
1 54 25.0 1.0
1 55 25.0 1.0
1 56 25.0 1.0
1 57 25.0 1.0
1 58 25.0 1.0
1 59 25.0 1.0
1 60 25.0 1.0
1 61 25.0 1.0
1 62 25.0 1.0
1 63 25.0 1.0
2 0 25.0 1.0
2 1 25.0 1.0
2 2 25.0 1.0
2 3 25.0 1.0
2 4 25.0 1.0
2 5 25.0 1.0
2 6 25.0 1.0
2 7 25.0 1.0
2 8 25.0 1.0
2 9 25.0 1.0
2 10 25.0 1.0
2 11 25.0 1.0
2 12 25.0 1.0
2 13 25.0 1.0
2 14 25.0 1.0
2 15 25.0 1.0
2 16 25.0 1.0
2 17 25.0 1.0
2 18 25.0 1.0
2 19 25.0 1.0
2 20 25.0 1.0
2 21 25.0 1.0
2 22 25.0 1.0
2 23 25.0 1.0
2 24 25.0 1.0
2 25 25.0 1.0
2 26 25.0 1.0
2 27 25.0 1.0
2 28 25.0 1.0
2 29 25.0 1.0
2 30 25.0 1.0
2 31 25.0 1.0
2 32 25.0 1.0
2 33 25.0 1.0
2 34 25.0 1.0
2 35 25.0 1.0
2 36 25.0 1.0
2 37 25.0 1.0
2 38 25.0 1.0
2 39 25.0 1.0
2 40 25.0 1.0
2 41 25.0 1.0
2 42 25.0 1.0
2 43 25.0 1.0
2 44 25.0 1.0
2 45 25.0 1.0
2 46 25.0 1.0
2 47 25.0 1.0
2 48 25.0 1.0
2 49 25.0 1.0
2 50 25.0 1.0
2 51 25.0 1.0
2 52 25.0 1.0
2 53 25.0 1.0
2 54 25.0 1.0
2 55 25.0 1.0
2 56 25.0 1.0
2 57 25.0 1.0
2 58 25.0 1.0
2 59 25.0 1.0
2 60 25.0 1.0
2 61 25.0 1.0
2 62 25.0 1.0
2 63 25.0 1.0
3 0 25.0 1.0
3 1 25.0 1.0
3 2 25.0 1.0
3 3 25.0 1.0
3 4 25.0 1.0
3 5 25.0 1.0
3 6 25.0 1.0
3 7 25.0 1.0
3 8 25.0 1.0
3 9 25.0 1.0
3 10 25.0 1.0
3 11 25.0 1.0
3 12 25.0 1.0
3 13 25.0 1.0
3 14 25.0 1.0
3 15 25.0 1.0
3 16 25.0 1.0
3 17 25.0 1.0
3 18 25.0 1.0
3 19 25.0 1.0
3 20 25.0 1.0
3 21 25.0 1.0
3 22 25.0 1.0
3 23 25.0 1.0
3 24 25.0 1.0
3 25 25.0 1.0
3 26 25.0 1.0
3 27 25.0 1.0
3 28 25.0 1.0
3 29 25.0 1.0
3 30 25.0 1.0
3 31 25.0 1.0
3 32 25.0 1.0
3 33 25.0 1.0
3 34 25.0 1.0
3 35 25.0 1.0
3 36 25.0 1.0
3 37 25.0 1.0
3 38 25.0 1.0
3 39 25.0 1.0
3 40 25.0 1.0
3 41 25.0 1.0
3 42 25.0 1.0
3 43 25.0 1.0
3 44 25.0 1.0
3 45 25.0 1.0
3 46 25.0 1.0
3 47 25.0 1.0
3 48 25.0 1.0
3 49 25.0 1.0
3 50 25.0 1.0
3 51 25.0 1.0
3 52 25.0 1.0
3 53 25.0 1.0
3 54 25.0 1.0
3 55 25.0 1.0
3 56 25.0 1.0
3 57 25.0 1.0
3 58 25.0 1.0
3 59 25.0 1.0
3 60 25.0 1.0
3 61 25.0 1.0
3 62 25.0 1.0
3 63 25.0 1.0
4 0 25.0 1.0
4 1 25.0 1.0
4 2 25.0 1.0
4 3 25.0 1.0
4 4 25.0 1.0
4 5 25.0 1.0
4 6 25.0 1.0
4 7 25.0 1.0
4 8 25.0 1.0
4 9 25.0 1.0
4 10 25.0 1.0
4 11 25.0 1.0
4 12 25.0 1.0
4 13 25.0 1.0
4 14 25.0 1.0
4 15 25.0 1.0
4 16 25.0 1.0
4 17 25.0 1.0
4 18 25.0 1.0
4 19 25.0 1.0
4 20 25.0 1.0
4 21 25.0 1.0
4 22 25.0 1.0
4 23 25.0 1.0
4 24 25.0 1.0
4 25 25.0 1.0
4 26 25.0 1.0
4 27 25.0 1.0
4 28 25.0 1.0
4 29 25.0 1.0
4 30 25.0 1.0
4 31 25.0 1.0
4 32 25.0 1.0
4 33 25.0 1.0
4 34 25.0 1.0
4 35 25.0 1.0
4 36 25.0 1.0
4 37 25.0 1.0
4 38 25.0 1.0
4 39 25.0 1.0
4 40 25.0 1.0
4 41 25.0 1.0
4 42 25.0 1.0
4 43 25.0 1.0
4 44 25.0 1.0
4 45 25.0 1.0
4 46 25.0 1.0
4 47 25.0 1.0
4 48 25.0 1.0
4 49 25.0 1.0
4 50 25.0 1.0
4 51 25.0 1.0
4 52 25.0 1.0
4 53 25.0 1.0
4 54 25.0 1.0
4 55 25.0 1.0
4 56 25.0 1.0
4 57 25.0 1.0
4 58 25.0 1.0
4 59 25.0 1.0
4 60 25.0 1.0
4 61 25.0 1.0
4 62 25.0 1.0
4 63 25.0 1.0
5 0 25.0 1.0
5 1 25.0 1.0
5 2 25.0 1.0
5 3 25.0 1.0
5 4 25.0 1.0
5 5 25.0 1.0
5 6 25.0 1.0
5 7 25.0 1.0
5 8 25.0 1.0
5 9 25.0 1.0
5 10 25.0 1.0
5 11 25.0 1.0
5 12 25.0 1.0
5 13 25.0 1.0
5 14 25.0 1.0
5 15 25.0 1.0
5 16 25.0 1.0
5 17 25.0 1.0
5 18 25.0 1.0
5 19 25.0 1.0
5 20 25.0 1.0
5 21 25.0 1.0
5 22 25.0 1.0
5 23 25.0 1.0
5 24 25.0 1.0
5 25 25.0 1.0
5 26 25.0 1.0
5 27 25.0 1.0
5 28 25.0 1.0
5 29 25.0 1.0
5 30 25.0 1.0
5 31 25.0 1.0
5 32 25.0 1.0
5 33 25.0 1.0
5 34 25.0 1.0
5 35 25.0 1.0
5 36 25.0 1.0
5 37 25.0 1.0
5 38 25.0 1.0
5 39 25.0 1.0
5 40 25.0 1.0
5 41 25.0 1.0
5 42 25.0 1.0
5 43 25.0 1.0
5 44 25.0 1.0
5 45 25.0 1.0
5 46 25.0 1.0
5 47 25.0 1.0
5 48 25.0 1.0
5 49 25.0 1.0
5 50 25.0 1.0
5 51 25.0 1.0
5 52 25.0 1.0
5 53 25.0 1.0
5 54 25.0 1.0
5 55 25.0 1.0
5 56 25.0 1.0
5 57 25.0 1.0
5 58 25.0 1.0
5 59 25.0 1.0
5 60 25.0 1.0
5 61 25.0 1.0
5 62 25.0 1.0
5 63 25.0 1.0
6 0 25.0 1.0
6 1 25.0 1.0
6 2 25.0 1.0
6 3 25.0 1.0
6 4 25.0 1.0
6 5 25.0 1.0
6 6 25.0 1.0
6 7 25.0 1.0
6 8 25.0 1.0
6 9 25.0 1.0
6 10 25.0 1.0
6 11 25.0 1.0
6 12 25.0 1.0
6 13 25.0 1.0
6 14 25.0 1.0
6 15 25.0 1.0
6 16 25.0 1.0
6 17 25.0 1.0
6 18 25.0 1.0
6 19 25.0 1.0
6 20 25.0 1.0
6 21 25.0 1.0
6 22 25.0 1.0
6 23 25.0 1.0
6 24 25.0 1.0
6 25 25.0 1.0
6 26 25.0 1.0
6 27 25.0 1.0
6 28 25.0 1.0
6 29 25.0 1.0
6 30 25.0 1.0
6 31 25.0 1.0
6 32 25.0 1.0
6 33 25.0 1.0
6 34 25.0 1.0
6 35 25.0 1.0
6 36 25.0 1.0
6 37 25.0 1.0
6 38 25.0 1.0
6 39 25.0 1.0
6 40 25.0 1.0
6 41 25.0 1.0
6 42 25.0 1.0
6 43 25.0 1.0
6 44 25.0 1.0
6 45 25.0 1.0
6 46 25.0 1.0
6 47 25.0 1.0
6 48 25.0 1.0
6 49 25.0 1.0
6 50 25.0 1.0
6 51 25.0 1.0
6 52 25.0 1.0
6 53 25.0 1.0
6 54 25.0 1.0
6 55 25.0 1.0
6 56 25.0 1.0
6 57 25.0 1.0
6 58 25.0 1.0
6 59 25.0 1.0
6 60 25.0 1.0
6 61 25.0 1.0
6 62 25.0 1.0
6 63 25.0 1.0
7 0 25.0 1.0
7 1 25.0 1.0
7 2 25.0 1.0
7 3 25.0 1.0
7 4 25.0 1.0
7 5 25.0 1.0
7 6 25.0 1.0
7 7 25.0 1.0
7 8 25.0 1.0
7 9 25.0 1.0
7 10 25.0 1.0
7 11 25.0 1.0
7 12 25.0 1.0
7 13 25.0 1.0
7 14 25.0 1.0
7 15 25.0 1.0
7 16 25.0 1.0
7 17 25.0 1.0
7 18 25.0 1.0
7 19 25.0 1.0
7 20 25.0 1.0
7 21 25.0 1.0
7 22 25.0 1.0
7 23 25.0 1.0
7 24 25.0 1.0
7 25 25.0 1.0
7 26 25.0 1.0
7 27 25.0 1.0
7 28 25.0 1.0
7 29 25.0 1.0
7 30 25.0 1.0
7 31 25.0 1.0
7 32 25.0 1.0
7 33 25.0 1.0
7 34 25.0 1.0
7 35 25.0 1.0
7 36 25.0 1.0
7 37 25.0 1.0
7 38 25.0 1.0
7 39 25.0 1.0
7 40 25.0 1.0
7 41 25.0 1.0
7 42 25.0 1.0
7 43 25.0 1.0
7 44 25.0 1.0
7 45 25.0 1.0
7 46 25.0 1.0
7 47 25.0 1.0
7 48 25.0 1.0
7 49 25.0 1.0
7 50 25.0 1.0
7 51 25.0 1.0
7 52 25.0 1.0
7 53 25.0 1.0
7 54 25.0 1.0
7 55 25.0 1.0
7 56 25.0 1.0
7 57 25.0 1.0
7 58 25.0 1.0
7 59 25.0 1.0
7 60 25.0 1.0
7 61 25.0 1.0
7 62 25.0 1.0
7 63 25.0 1.0
8 0 25.0 1.0
8 1 25.0 1.0
8 2 25.0 1.0
8 3 25.0 1.0
8 4 25.0 1.0
8 5 25.0 1.0
8 6 25.0 1.0
8 7 25.0 1.0
8 8 25.0 1.0
8 9 25.0 1.0
8 10 25.0 1.0
8 11 25.0 1.0
8 12 25.0 1.0
8 13 25.0 1.0
8 14 25.0 1.0
8 15 25.0 1.0
8 16 25.0 1.0
8 17 25.0 1.0
8 18 25.0 1.0
8 19 25.0 1.0
8 20 25.0 1.0
8 21 25.0 1.0
8 22 25.0 1.0
8 23 25.0 1.0
8 24 25.0 1.0
8 25 25.0 1.0
8 26 25.0 1.0
8 27 25.0 1.0
8 28 25.0 1.0
8 29 25.0 1.0
8 30 25.0 1.0
8 31 25.0 1.0
8 32 25.0 1.0
8 33 25.0 1.0
8 34 25.0 1.0
8 35 25.0 1.0
8 36 25.0 1.0
8 37 25.0 1.0
8 38 25.0 1.0
8 39 25.0 1.0
8 40 25.0 1.0
8 41 25.0 1.0
8 42 25.0 1.0
8 43 25.0 1.0
8 44 25.0 1.0
8 45 25.0 1.0
8 46 25.0 1.0
8 47 25.0 1.0
8 48 25.0 1.0
8 49 25.0 1.0
8 50 25.0 1.0
8 51 25.0 1.0
8 52 25.0 1.0
8 53 25.0 1.0
8 54 25.0 1.0
8 55 25.0 1.0
8 56 25.0 1.0
8 57 25.0 1.0
8 58 25.0 1.0
8 59 25.0 1.0
8 60 25.0 1.0
8 61 25.0 1.0
8 62 25.0 1.0
8 63 25.0 1.0
9 0 25.0 1.0
9 1 25.0 1.0
9 2 25.0 1.0
9 3 25.0 1.0
9 4 25.0 1.0
9 5 25.0 1.0
9 6 25.0 1.0
9 7 25.0 1.0
9 8 25.0 1.0
9 9 25.0 1.0
9 10 25.0 1.0
9 11 25.0 1.0
9 12 25.0 1.0
9 13 25.0 1.0
9 14 25.0 1.0
9 15 25.0 1.0
9 16 25.0 1.0
9 17 25.0 1.0
9 18 25.0 1.0
9 19 25.0 1.0
9 20 25.0 1.0
9 21 25.0 1.0
9 22 25.0 1.0
9 23 25.0 1.0
9 24 25.0 1.0
9 25 25.0 1.0
9 26 25.0 1.0
9 27 25.0 1.0
9 28 25.0 1.0
9 29 25.0 1.0
9 30 25.0 1.0
9 31 25.0 1.0
9 32 25.0 1.0
9 33 25.0 1.0
9 34 25.0 1.0
9 35 25.0 1.0
9 36 25.0 1.0
9 37 25.0 1.0
9 38 25.0 1.0
9 39 25.0 1.0
9 40 25.0 1.0
9 41 25.0 1.0
9 42 25.0 1.0
9 43 25.0 1.0
9 44 25.0 1.0
9 45 25.0 1.0
9 46 25.0 1.0
9 47 25.0 1.0
9 48 25.0 1.0
9 49 25.0 1.0
9 50 25.0 1.0
9 51 25.0 1.0
9 52 25.0 1.0
9 53 25.0 1.0
9 54 25.0 1.0
9 55 25.0 1.0
9 56 25.0 1.0
9 57 25.0 1.0
9 58 25.0 1.0
9 59 25.0 1.0
9 60 25.0 1.0
9 61 25.0 1.0
9 62 25.0 1.0
9 63 25.0 1.0
10 0 25.0 1.0
10 1 25.0 1.0
10 2 25.0 1.0
10 3 25.0 1.0
10 4 25.0 1.0
10 5 25.0 1.0
10 6 25.0 1.0
10 7 25.0 1.0
10 8 25.0 1.0
10 9 25.0 1.0
10 10 25.0 1.0
10 11 25.0 1.0
10 12 25.0 1.0
10 13 25.0 1.0
10 14 25.0 1.0
10 15 25.0 1.0
10 16 25.0 1.0
10 17 25.0 1.0
10 18 25.0 1.0
10 19 25.0 1.0
10 20 25.0 1.0
10 21 25.0 1.0
10 22 25.0 1.0
10 23 25.0 1.0
10 24 25.0 1.0
10 25 25.0 1.0
10 26 25.0 1.0
10 27 25.0 1.0
10 28 25.0 1.0
10 29 25.0 1.0
10 30 25.0 1.0
10 31 25.0 1.0
10 32 25.0 1.0
10 33 25.0 1.0
10 34 25.0 1.0
10 35 25.0 1.0
10 36 25.0 1.0
10 37 25.0 1.0
10 38 25.0 1.0
10 39 25.0 1.0
10 40 25.0 1.0
10 41 25.0 1.0
10 42 25.0 1.0
10 43 25.0 1.0
10 44 25.0 1.0
10 45 25.0 1.0
10 46 25.0 1.0
10 47 25.0 1.0
10 48 25.0 1.0
10 49 25.0 1.0
10 50 25.0 1.0
10 51 25.0 1.0
10 52 25.0 1.0
10 53 25.0 1.0
10 54 25.0 1.0
10 55 25.0 1.0
10 56 25.0 1.0
10 57 25.0 1.0
10 58 25.0 1.0
10 59 25.0 1.0
10 60 25.0 1.0
10 61 25.0 1.0
10 62 25.0 1.0
10 63 25.0 1.0
11 0 25.0 1.0
11 1 25.0 1.0
11 2 25.0 1.0
11 3 25.0 1.0
11 4 25.0 1.0
11 5 25.0 1.0
11 6 25.0 1.0
11 7 25.0 1.0
11 8 25.0 1.0
11 9 25.0 1.0
11 10 25.0 1.0
11 11 25.0 1.0
11 12 25.0 1.0
11 13 25.0 1.0
11 14 25.0 1.0
11 15 25.0 1.0
11 16 25.0 1.0
11 17 25.0 1.0
11 18 25.0 1.0
11 19 25.0 1.0
11 20 25.0 1.0
11 21 25.0 1.0
11 22 25.0 1.0
11 23 25.0 1.0
11 24 25.0 1.0
11 25 25.0 1.0
11 26 25.0 1.0
11 27 25.0 1.0
11 28 25.0 1.0
11 29 25.0 1.0
11 30 25.0 1.0
11 31 25.0 1.0
11 32 25.0 1.0
11 33 25.0 1.0
11 34 25.0 1.0
11 35 25.0 1.0
11 36 25.0 1.0
11 37 25.0 1.0
11 38 25.0 1.0
11 39 25.0 1.0
11 40 25.0 1.0
11 41 25.0 1.0
11 42 25.0 1.0
11 43 25.0 1.0
11 44 25.0 1.0
11 45 25.0 1.0
11 46 25.0 1.0
11 47 25.0 1.0
11 48 25.0 1.0
11 49 25.0 1.0
11 50 25.0 1.0
11 51 25.0 1.0
11 52 25.0 1.0
11 53 25.0 1.0
11 54 25.0 1.0
11 55 25.0 1.0
11 56 25.0 1.0
11 57 25.0 1.0
11 58 25.0 1.0
11 59 25.0 1.0
11 60 25.0 1.0
11 61 25.0 1.0
11 62 25.0 1.0
11 63 25.0 1.0
12 0 25.0 1.0
12 1 25.0 1.0
12 2 25.0 1.0
12 3 25.0 1.0
12 4 25.0 1.0
12 5 25.0 1.0
12 6 25.0 1.0
12 7 25.0 1.0
12 8 25.0 1.0
12 9 25.0 1.0
12 10 25.0 1.0
12 11 25.0 1.0
12 12 25.0 1.0
12 13 25.0 1.0
12 14 25.0 1.0
12 15 25.0 1.0
12 16 25.0 1.0
12 17 25.0 1.0
12 18 25.0 1.0
12 19 25.0 1.0
12 20 25.0 1.0
12 21 25.0 1.0
12 22 25.0 1.0
12 23 25.0 1.0
12 24 25.0 1.0
12 25 25.0 1.0
12 26 25.0 1.0
12 27 25.0 1.0
12 28 25.0 1.0
12 29 25.0 1.0
12 30 25.0 1.0
12 31 25.0 1.0
12 32 25.0 1.0
12 33 25.0 1.0
12 34 25.0 1.0
12 35 25.0 1.0
12 36 25.0 1.0
12 37 25.0 1.0
12 38 25.0 1.0
12 39 25.0 1.0
12 40 25.0 1.0
12 41 25.0 1.0
12 42 25.0 1.0
12 43 25.0 1.0
12 44 25.0 1.0
12 45 25.0 1.0
12 46 25.0 1.0
12 47 25.0 1.0
12 48 25.0 1.0
12 49 25.0 1.0
12 50 25.0 1.0
12 51 25.0 1.0
12 52 25.0 1.0
12 53 25.0 1.0
12 54 25.0 1.0
12 55 25.0 1.0
12 56 25.0 1.0
12 57 25.0 1.0
12 58 25.0 1.0
12 59 25.0 1.0
12 60 25.0 1.0
12 61 25.0 1.0
12 62 25.0 1.0
12 63 25.0 1.0
13 0 25.0 1.0
13 1 25.0 1.0
13 2 25.0 1.0
13 3 25.0 1.0
13 4 25.0 1.0
13 5 25.0 1.0
13 6 25.0 1.0
13 7 25.0 1.0
13 8 25.0 1.0
13 9 25.0 1.0
13 10 25.0 1.0
13 11 25.0 1.0
13 12 25.0 1.0
13 13 25.0 1.0
13 14 25.0 1.0
13 15 25.0 1.0
13 16 25.0 1.0
13 17 25.0 1.0
13 18 25.0 1.0
13 19 25.0 1.0
13 20 25.0 1.0
13 21 25.0 1.0
13 22 25.0 1.0
13 23 25.0 1.0
13 24 25.0 1.0
13 25 25.0 1.0
13 26 25.0 1.0
13 27 25.0 1.0
13 28 25.0 1.0
13 29 25.0 1.0
13 30 25.0 1.0
13 31 25.0 1.0
13 32 25.0 1.0
13 33 25.0 1.0
13 34 25.0 1.0
13 35 25.0 1.0
13 36 25.0 1.0
13 37 25.0 1.0
13 38 25.0 1.0
13 39 25.0 1.0
13 40 25.0 1.0
13 41 25.0 1.0
13 42 25.0 1.0
13 43 25.0 1.0
13 44 25.0 1.0
13 45 25.0 1.0
13 46 25.0 1.0
13 47 25.0 1.0
13 48 25.0 1.0
13 49 25.0 1.0
13 50 25.0 1.0
13 51 25.0 1.0
13 52 25.0 1.0
13 53 25.0 1.0
13 54 25.0 1.0
13 55 25.0 1.0
13 56 25.0 1.0
13 57 25.0 1.0
13 58 25.0 1.0
13 59 25.0 1.0
13 60 25.0 1.0
13 61 25.0 1.0
13 62 25.0 1.0
13 63 25.0 1.0
14 0 25.0 1.0
14 1 25.0 1.0
14 2 25.0 1.0
14 3 25.0 1.0
14 4 25.0 1.0
14 5 25.0 1.0
14 6 25.0 1.0
14 7 25.0 1.0
14 8 25.0 1.0
14 9 25.0 1.0
14 10 25.0 1.0
14 11 25.0 1.0
14 12 25.0 1.0
14 13 25.0 1.0
14 14 25.0 1.0
14 15 25.0 1.0
14 16 25.0 1.0
14 17 25.0 1.0
14 18 25.0 1.0
14 19 25.0 1.0
14 20 25.0 1.0
14 21 25.0 1.0
14 22 25.0 1.0
14 23 25.0 1.0
14 24 25.0 1.0
14 25 25.0 1.0
14 26 25.0 1.0
14 27 25.0 1.0
14 28 25.0 1.0
14 29 25.0 1.0
14 30 25.0 1.0
14 31 25.0 1.0
14 32 25.0 1.0
14 33 25.0 1.0
14 34 25.0 1.0
14 35 25.0 1.0
14 36 25.0 1.0
14 37 25.0 1.0
14 38 25.0 1.0
14 39 25.0 1.0
14 40 25.0 1.0
14 41 25.0 1.0
14 42 25.0 1.0
14 43 25.0 1.0
14 44 25.0 1.0
14 45 25.0 1.0
14 46 25.0 1.0
14 47 25.0 1.0
14 48 25.0 1.0
14 49 25.0 1.0
14 50 25.0 1.0
14 51 25.0 1.0
14 52 25.0 1.0
14 53 25.0 1.0
14 54 25.0 1.0
14 55 25.0 1.0
14 56 25.0 1.0
14 57 25.0 1.0
14 58 25.0 1.0
14 59 25.0 1.0
14 60 25.0 1.0
14 61 25.0 1.0
14 62 25.0 1.0
14 63 25.0 1.0
15 0 25.0 1.0
15 1 25.0 1.0
15 2 25.0 1.0
15 3 25.0 1.0
15 4 25.0 1.0
15 5 25.0 1.0
15 6 25.0 1.0
15 7 25.0 1.0
15 8 25.0 1.0
15 9 25.0 1.0
15 10 25.0 1.0
15 11 25.0 1.0
15 12 25.0 1.0
15 13 25.0 1.0
15 14 25.0 1.0
15 15 25.0 1.0
15 16 25.0 1.0
15 17 25.0 1.0
15 18 25.0 1.0
15 19 25.0 1.0
15 20 25.0 1.0
15 21 25.0 1.0
15 22 25.0 1.0
15 23 25.0 1.0
15 24 25.0 1.0
15 25 25.0 1.0
15 26 25.0 1.0
15 27 25.0 1.0
15 28 25.0 1.0
15 29 25.0 1.0
15 30 25.0 1.0
15 31 25.0 1.0
15 32 25.0 1.0
15 33 25.0 1.0
15 34 25.0 1.0
15 35 25.0 1.0
15 36 25.0 1.0
15 37 25.0 1.0
15 38 25.0 1.0
15 39 25.0 1.0
15 40 25.0 1.0
15 41 25.0 1.0
15 42 25.0 1.0
15 43 25.0 1.0
15 44 25.0 1.0
15 45 25.0 1.0
15 46 25.0 1.0
15 47 25.0 1.0
15 48 25.0 1.0
15 49 25.0 1.0
15 50 25.0 1.0
15 51 25.0 1.0
15 52 25.0 1.0
15 53 25.0 1.0
15 54 25.0 1.0
15 55 25.0 1.0
15 56 25.0 1.0
15 57 25.0 1.0
15 58 25.0 1.0
15 59 25.0 1.0
15 60 25.0 1.0
15 61 25.0 1.0
15 62 25.0 1.0
15 63 25.0 1.0
16 0 25.0 1.0
16 1 25.0 1.0
16 2 25.0 1.0
16 3 25.0 1.0
16 4 25.0 1.0
16 5 25.0 1.0
16 6 25.0 1.0
16 7 25.0 1.0
16 8 25.0 1.0
16 9 25.0 1.0
16 10 25.0 1.0
16 11 25.0 1.0
16 12 25.0 1.0
16 13 25.0 1.0
16 14 25.0 1.0
16 15 25.0 1.0
16 16 25.0 1.0
16 17 25.0 1.0
16 18 25.0 1.0
16 19 25.0 1.0
16 20 25.0 1.0
16 21 25.0 1.0
16 22 25.0 1.0
16 23 25.0 1.0
16 24 25.0 1.0
16 25 25.0 1.0
16 26 25.0 1.0
16 27 25.0 1.0
16 28 25.0 1.0
16 29 25.0 1.0
16 30 25.0 1.0
16 31 25.0 1.0
16 32 25.0 1.0
16 33 25.0 1.0
16 34 25.0 1.0
16 35 25.0 1.0
16 36 25.0 1.0
16 37 25.0 1.0
16 38 25.0 1.0
16 39 25.0 1.0
16 40 25.0 1.0
16 41 25.0 1.0
16 42 25.0 1.0
16 43 25.0 1.0
16 44 25.0 1.0
16 45 25.0 1.0
16 46 25.0 1.0
16 47 25.0 1.0
16 48 25.0 1.0
16 49 25.0 1.0
16 50 25.0 1.0
16 51 25.0 1.0
16 52 25.0 1.0
16 53 25.0 1.0
16 54 25.0 1.0
16 55 25.0 1.0
16 56 25.0 1.0
16 57 25.0 1.0
16 58 25.0 1.0
16 59 25.0 1.0
16 60 25.0 1.0
16 61 25.0 1.0
16 62 25.0 1.0
16 63 25.0 1.0
17 0 25.0 1.0
17 1 25.0 1.0
17 2 25.0 1.0
17 3 25.0 1.0
17 4 25.0 1.0
17 5 25.0 1.0
17 6 25.0 1.0
17 7 25.0 1.0
17 8 25.0 1.0
17 9 25.0 1.0
17 10 25.0 1.0
17 11 25.0 1.0
17 12 25.0 1.0
17 13 25.0 1.0
17 14 25.0 1.0
17 15 25.0 1.0
17 16 25.0 1.0
17 17 25.0 1.0
17 18 25.0 1.0
17 19 25.0 1.0
17 20 25.0 1.0
17 21 25.0 1.0
17 22 25.0 1.0
17 23 25.0 1.0
17 24 25.0 1.0
17 25 25.0 1.0
17 26 25.0 1.0
17 27 25.0 1.0
17 28 25.0 1.0
17 29 25.0 1.0
17 30 25.0 1.0
17 31 25.0 1.0
17 32 25.0 1.0
17 33 25.0 1.0
17 34 25.0 1.0
17 35 25.0 1.0
17 36 25.0 1.0
17 37 25.0 1.0
17 38 25.0 1.0
17 39 25.0 1.0
17 40 25.0 1.0
17 41 25.0 1.0
17 42 25.0 1.0
17 43 25.0 1.0
17 44 25.0 1.0
17 45 25.0 1.0
17 46 25.0 1.0
17 47 25.0 1.0
17 48 25.0 1.0
17 49 25.0 1.0
17 50 25.0 1.0
17 51 25.0 1.0
17 52 25.0 1.0
17 53 25.0 1.0
17 54 25.0 1.0
17 55 25.0 1.0
17 56 25.0 1.0
17 57 25.0 1.0
17 58 25.0 1.0
17 59 25.0 1.0
17 60 25.0 1.0
17 61 25.0 1.0
17 62 25.0 1.0
17 63 25.0 1.0
18 0 25.0 1.0
18 1 25.0 1.0
18 2 25.0 1.0
18 3 25.0 1.0
18 4 25.0 1.0
18 5 25.0 1.0
18 6 25.0 1.0
18 7 25.0 1.0
18 8 25.0 1.0
18 9 25.0 1.0
18 10 25.0 1.0
18 11 25.0 1.0
18 12 25.0 1.0
18 13 25.0 1.0
18 14 25.0 1.0
18 15 25.0 1.0
18 16 25.0 1.0
18 17 25.0 1.0
18 18 25.0 1.0
18 19 25.0 1.0
18 20 25.0 1.0
18 21 25.0 1.0
18 22 25.0 1.0
18 23 25.0 1.0
18 24 25.0 1.0
18 25 25.0 1.0
18 26 25.0 1.0
18 27 25.0 1.0
18 28 25.0 1.0
18 29 25.0 1.0
18 30 25.0 1.0
18 31 25.0 1.0
18 32 25.0 1.0
18 33 25.0 1.0
18 34 25.0 1.0
18 35 25.0 1.0
18 36 25.0 1.0
18 37 25.0 1.0
18 38 25.0 1.0
18 39 25.0 1.0
18 40 25.0 1.0
18 41 25.0 1.0
18 42 25.0 1.0
18 43 25.0 1.0
18 44 25.0 1.0
18 45 25.0 1.0
18 46 25.0 1.0
18 47 25.0 1.0
18 48 25.0 1.0
18 49 25.0 1.0
18 50 25.0 1.0
18 51 25.0 1.0
18 52 25.0 1.0
18 53 25.0 1.0
18 54 25.0 1.0
18 55 25.0 1.0
18 56 25.0 1.0
18 57 25.0 1.0
18 58 25.0 1.0
18 59 25.0 1.0
18 60 25.0 1.0
18 61 25.0 1.0
18 62 25.0 1.0
18 63 25.0 1.0
19 0 25.0 1.0
19 1 25.0 1.0
19 2 25.0 1.0
19 3 25.0 1.0
19 4 25.0 1.0
19 5 25.0 1.0
19 6 25.0 1.0
19 7 25.0 1.0
19 8 25.0 1.0
19 9 25.0 1.0
19 10 25.0 1.0
19 11 25.0 1.0
19 12 25.0 1.0
19 13 25.0 1.0
19 14 25.0 1.0
19 15 25.0 1.0
19 16 25.0 1.0
19 17 25.0 1.0
19 18 25.0 1.0
19 19 25.0 1.0
19 20 25.0 1.0
19 21 25.0 1.0
19 22 25.0 1.0
19 23 25.0 1.0
19 24 25.0 1.0
19 25 25.0 1.0
19 26 25.0 1.0
19 27 25.0 1.0
19 28 25.0 1.0
19 29 25.0 1.0
19 30 25.0 1.0
19 31 25.0 1.0
19 32 25.0 1.0
19 33 25.0 1.0
19 34 25.0 1.0
19 35 25.0 1.0
19 36 25.0 1.0
19 37 25.0 1.0
19 38 25.0 1.0
19 39 25.0 1.0
19 40 25.0 1.0
19 41 25.0 1.0
19 42 25.0 1.0
19 43 25.0 1.0
19 44 25.0 1.0
19 45 25.0 1.0
19 46 25.0 1.0
19 47 25.0 1.0
19 48 25.0 1.0
19 49 25.0 1.0
19 50 25.0 1.0
19 51 25.0 1.0
19 52 25.0 1.0
19 53 25.0 1.0
19 54 25.0 1.0
19 55 25.0 1.0
19 56 25.0 1.0
19 57 25.0 1.0
19 58 25.0 1.0
19 59 25.0 1.0
19 60 25.0 1.0
19 61 25.0 1.0
19 62 25.0 1.0
19 63 25.0 1.0
20 0 25.0 1.0
20 1 25.0 1.0
20 2 25.0 1.0
20 3 25.0 1.0
20 4 25.0 1.0
20 5 25.0 1.0
20 6 25.0 1.0
20 7 25.0 1.0
20 8 25.0 1.0
20 9 25.0 1.0
20 10 25.0 1.0
20 11 25.0 1.0
20 12 25.0 1.0
20 13 25.0 1.0
20 14 25.0 1.0
20 15 25.0 1.0
20 16 25.0 1.0
20 17 25.0 1.0
20 18 25.0 1.0
20 19 25.0 1.0
20 20 25.0 1.0
20 21 25.0 1.0
20 22 25.0 1.0
20 23 25.0 1.0
20 24 25.0 1.0
20 25 25.0 1.0
20 26 25.0 1.0
20 27 25.0 1.0
20 28 25.0 1.0
20 29 25.0 1.0
20 30 25.0 1.0
20 31 25.0 1.0
20 32 25.0 1.0
20 33 25.0 1.0
20 34 25.0 1.0
20 35 25.0 1.0
20 36 25.0 1.0
20 37 25.0 1.0
20 38 25.0 1.0
20 39 25.0 1.0
20 40 25.0 1.0
20 41 25.0 1.0
20 42 25.0 1.0
20 43 25.0 1.0
20 44 25.0 1.0
20 45 25.0 1.0
20 46 25.0 1.0
20 47 25.0 1.0
20 48 25.0 1.0
20 49 25.0 1.0
20 50 25.0 1.0
20 51 25.0 1.0
20 52 25.0 1.0
20 53 25.0 1.0
20 54 25.0 1.0
20 55 25.0 1.0
20 56 25.0 1.0
20 57 25.0 1.0
20 58 25.0 1.0
20 59 25.0 1.0
20 60 25.0 1.0
20 61 25.0 1.0
20 62 25.0 1.0
20 63 25.0 1.0
21 0 25.0 1.0
21 1 25.0 1.0
21 2 25.0 1.0
21 3 25.0 1.0
21 4 25.0 1.0
21 5 25.0 1.0
21 6 25.0 1.0
21 7 25.0 1.0
21 8 25.0 1.0
21 9 25.0 1.0
21 10 25.0 1.0
21 11 25.0 1.0
21 12 25.0 1.0
21 13 25.0 1.0
21 14 25.0 1.0
21 15 25.0 1.0
21 16 25.0 1.0
21 17 25.0 1.0
21 18 25.0 1.0
21 19 25.0 1.0
21 20 25.0 1.0
21 21 25.0 1.0
21 22 25.0 1.0
21 23 25.0 1.0
21 24 25.0 1.0
21 25 25.0 1.0
21 26 25.0 1.0
21 27 25.0 1.0
21 28 25.0 1.0
21 29 25.0 1.0
21 30 25.0 1.0
21 31 25.0 1.0
21 32 25.0 1.0
21 33 25.0 1.0
21 34 25.0 1.0
21 35 25.0 1.0
21 36 25.0 1.0
21 37 25.0 1.0
21 38 25.0 1.0
21 39 25.0 1.0
21 40 25.0 1.0
21 41 25.0 1.0
21 42 25.0 1.0
21 43 25.0 1.0
21 44 25.0 1.0
21 45 25.0 1.0
21 46 25.0 1.0
21 47 25.0 1.0
21 48 25.0 1.0
21 49 25.0 1.0
21 50 25.0 1.0
21 51 25.0 1.0
21 52 25.0 1.0
21 53 25.0 1.0
21 54 25.0 1.0
21 55 25.0 1.0
21 56 25.0 1.0
21 57 25.0 1.0
21 58 25.0 1.0
21 59 25.0 1.0
21 60 25.0 1.0
21 61 25.0 1.0
21 62 25.0 1.0
21 63 25.0 1.0
22 0 25.0 1.0
22 1 25.0 1.0
22 2 25.0 1.0
22 3 25.0 1.0
22 4 25.0 1.0
22 5 25.0 1.0
22 6 25.0 1.0
22 7 25.0 1.0
22 8 25.0 1.0
22 9 25.0 1.0
22 10 25.0 1.0
22 11 25.0 1.0
22 12 25.0 1.0
22 13 25.0 1.0
22 14 25.0 1.0
22 15 25.0 1.0
22 16 25.0 1.0
22 17 25.0 1.0
22 18 25.0 1.0
22 19 25.0 1.0
22 20 25.0 1.0
22 21 25.0 1.0
22 22 25.0 1.0
22 23 25.0 1.0
22 24 25.0 1.0
22 25 25.0 1.0
22 26 25.0 1.0
22 27 25.0 1.0
22 28 25.0 1.0
22 29 25.0 1.0
22 30 25.0 1.0
22 31 25.0 1.0
22 32 25.0 1.0
22 33 25.0 1.0
22 34 25.0 1.0
22 35 25.0 1.0
22 36 25.0 1.0
22 37 25.0 1.0
22 38 25.0 1.0
22 39 25.0 1.0
22 40 25.0 1.0
22 41 25.0 1.0
22 42 25.0 1.0
22 43 25.0 1.0
22 44 25.0 1.0
22 45 25.0 1.0
22 46 25.0 1.0
22 47 25.0 1.0
22 48 25.0 1.0
22 49 25.0 1.0
22 50 25.0 1.0
22 51 25.0 1.0
22 52 25.0 1.0
22 53 25.0 1.0
22 54 25.0 1.0
22 55 25.0 1.0
22 56 25.0 1.0
22 57 25.0 1.0
22 58 25.0 1.0
22 59 25.0 1.0
22 60 25.0 1.0
22 61 25.0 1.0
22 62 25.0 1.0
22 63 25.0 1.0
23 0 25.0 1.0
23 1 25.0 1.0
23 2 25.0 1.0
23 3 25.0 1.0
23 4 25.0 1.0
23 5 25.0 1.0
23 6 25.0 1.0
23 7 25.0 1.0
23 8 25.0 1.0
23 9 25.0 1.0
23 10 25.0 1.0
23 11 25.0 1.0
23 12 25.0 1.0
23 13 25.0 1.0
23 14 25.0 1.0
23 15 25.0 1.0
23 16 25.0 1.0
23 17 25.0 1.0
23 18 25.0 1.0
23 19 25.0 1.0
23 20 25.0 1.0
23 21 25.0 1.0
23 22 25.0 1.0
23 23 25.0 1.0
23 24 25.0 1.0
23 25 25.0 1.0
23 26 25.0 1.0
23 27 25.0 1.0
23 28 25.0 1.0
23 29 25.0 1.0
23 30 25.0 1.0
23 31 25.0 1.0
23 32 25.0 1.0
23 33 25.0 1.0
23 34 25.0 1.0
23 35 25.0 1.0
23 36 25.0 1.0
23 37 25.0 1.0
23 38 25.0 1.0
23 39 25.0 1.0
23 40 25.0 1.0
23 41 25.0 1.0
23 42 25.0 1.0
23 43 25.0 1.0
23 44 25.0 1.0
23 45 25.0 1.0
23 46 25.0 1.0
23 47 25.0 1.0
23 48 25.0 1.0
23 49 25.0 1.0
23 50 25.0 1.0
23 51 25.0 1.0
23 52 25.0 1.0
23 53 25.0 1.0
23 54 25.0 1.0
23 55 25.0 1.0
23 56 25.0 1.0
23 57 25.0 1.0
23 58 25.0 1.0
23 59 25.0 1.0
23 60 25.0 1.0
23 61 25.0 1.0
23 62 25.0 1.0
23 63 25.0 1.0
24 0 25.0 1.0
24 1 25.0 1.0
24 2 25.0 1.0
24 3 25.0 1.0
24 4 25.0 1.0
24 5 25.0 1.0
24 6 25.0 1.0
24 7 25.0 1.0
24 8 25.0 1.0
24 9 25.0 1.0
24 10 25.0 1.0
24 11 25.0 1.0
24 12 25.0 1.0
24 13 25.0 1.0
24 14 25.0 1.0
24 15 25.0 1.0
24 16 25.0 1.0
24 17 25.0 1.0
24 18 25.0 1.0
24 19 25.0 1.0
24 20 25.0 1.0
24 21 25.0 1.0
24 22 25.0 1.0
24 23 25.0 1.0
24 24 25.0 1.0
24 25 25.0 1.0
24 26 25.0 1.0
24 27 25.0 1.0
24 28 25.0 1.0
24 29 25.0 1.0
24 30 25.0 1.0
24 31 25.0 1.0
24 32 25.0 1.0
24 33 25.0 1.0
24 34 25.0 1.0
24 35 25.0 1.0
24 36 25.0 1.0
24 37 25.0 1.0
24 38 25.0 1.0
24 39 25.0 1.0
24 40 25.0 1.0
24 41 25.0 1.0
24 42 25.0 1.0
24 43 25.0 1.0
24 44 25.0 1.0
24 45 25.0 1.0
24 46 25.0 1.0
24 47 25.0 1.0
24 48 25.0 1.0
24 49 25.0 1.0
24 50 25.0 1.0
24 51 25.0 1.0
24 52 25.0 1.0
24 53 25.0 1.0
24 54 25.0 1.0
24 55 25.0 1.0
24 56 25.0 1.0
24 57 25.0 1.0
24 58 25.0 1.0
24 59 25.0 1.0
24 60 25.0 1.0
24 61 25.0 1.0
24 62 25.0 1.0
24 63 25.0 1.0
25 0 25.0 1.0
25 1 25.0 1.0
25 2 25.0 1.0
25 3 25.0 1.0
25 4 25.0 1.0
25 5 25.0 1.0
25 6 25.0 1.0
25 7 25.0 1.0
25 8 25.0 1.0
25 9 25.0 1.0
25 10 25.0 1.0
25 11 25.0 1.0
25 12 25.0 1.0
25 13 25.0 1.0
25 14 25.0 1.0
25 15 25.0 1.0
25 16 25.0 1.0
25 17 25.0 1.0
25 18 25.0 1.0
25 19 25.0 1.0
25 20 25.0 1.0
25 21 25.0 1.0
25 22 25.0 1.0
25 23 25.0 1.0
25 24 25.0 1.0
25 25 25.0 1.0
25 26 25.0 1.0
25 27 25.0 1.0
25 28 25.0 1.0
25 29 25.0 1.0
25 30 25.0 1.0
25 31 25.0 1.0
25 32 25.0 1.0
25 33 25.0 1.0
25 34 25.0 1.0
25 35 25.0 1.0
25 36 25.0 1.0
25 37 25.0 1.0
25 38 25.0 1.0
25 39 25.0 1.0
25 40 25.0 1.0
25 41 25.0 1.0
25 42 25.0 1.0
25 43 25.0 1.0
25 44 25.0 1.0
25 45 25.0 1.0
25 46 25.0 1.0
25 47 25.0 1.0
25 48 25.0 1.0
25 49 25.0 1.0
25 50 25.0 1.0
25 51 25.0 1.0
25 52 25.0 1.0
25 53 25.0 1.0
25 54 25.0 1.0
25 55 25.0 1.0
25 56 25.0 1.0
25 57 25.0 1.0
25 58 25.0 1.0
25 59 25.0 1.0
25 60 25.0 1.0
25 61 25.0 1.0
25 62 25.0 1.0
25 63 25.0 1.0
26 0 25.0 1.0
26 1 25.0 1.0
26 2 25.0 1.0
26 3 25.0 1.0
26 4 25.0 1.0
26 5 25.0 1.0
26 6 25.0 1.0
26 7 25.0 1.0
26 8 25.0 1.0
26 9 25.0 1.0
26 10 25.0 1.0
26 11 25.0 1.0
26 12 25.0 1.0
26 13 25.0 1.0
26 14 25.0 1.0
26 15 25.0 1.0
26 16 25.0 1.0
26 17 25.0 1.0
26 18 25.0 1.0
26 19 25.0 1.0
26 20 25.0 1.0
26 21 25.0 1.0
26 22 25.0 1.0
26 23 25.0 1.0
26 24 25.0 1.0
26 25 25.0 1.0
26 26 25.0 1.0
26 27 25.0 1.0
26 28 25.0 1.0
26 29 25.0 1.0
26 30 25.0 1.0
26 31 25.0 1.0
26 32 25.0 1.0
26 33 25.0 1.0
26 34 25.0 1.0
26 35 25.0 1.0
26 36 25.0 1.0
26 37 25.0 1.0
26 38 25.0 1.0
26 39 25.0 1.0
26 40 25.0 1.0
26 41 25.0 1.0
26 42 25.0 1.0
26 43 25.0 1.0
26 44 25.0 1.0
26 45 25.0 1.0
26 46 25.0 1.0
26 47 25.0 1.0
26 48 25.0 1.0
26 49 25.0 1.0
26 50 25.0 1.0
26 51 25.0 1.0
26 52 25.0 1.0
26 53 25.0 1.0
26 54 25.0 1.0
26 55 25.0 1.0
26 56 25.0 1.0
26 57 25.0 1.0
26 58 25.0 1.0
26 59 25.0 1.0
26 60 25.0 1.0
26 61 25.0 1.0
26 62 25.0 1.0
26 63 25.0 1.0
27 0 25.0 1.0
27 1 25.0 1.0
27 2 25.0 1.0
27 3 25.0 1.0
27 4 25.0 1.0
27 5 25.0 1.0
27 6 25.0 1.0
27 7 25.0 1.0
27 8 25.0 1.0
27 9 25.0 1.0
27 10 25.0 1.0
27 11 25.0 1.0
27 12 25.0 1.0
27 13 25.0 1.0
27 14 25.0 1.0
27 15 25.0 1.0
27 16 25.0 1.0
27 17 25.0 1.0
27 18 25.0 1.0
27 19 25.0 1.0
27 20 25.0 1.0
27 21 25.0 1.0
27 22 25.0 1.0
27 23 25.0 1.0
27 24 25.0 1.0
27 25 25.0 1.0
27 26 25.0 1.0
27 27 25.0 1.0
27 28 25.0 1.0
27 29 25.0 1.0
27 30 25.0 1.0
27 31 25.0 1.0
27 32 25.0 1.0
27 33 25.0 1.0
27 34 25.0 1.0
27 35 25.0 1.0
27 36 25.0 1.0
27 37 25.0 1.0
27 38 25.0 1.0
27 39 25.0 1.0
27 40 25.0 1.0
27 41 25.0 1.0
27 42 25.0 1.0
27 43 25.0 1.0
27 44 25.0 1.0
27 45 25.0 1.0
27 46 25.0 1.0
27 47 25.0 1.0
27 48 25.0 1.0
27 49 25.0 1.0
27 50 25.0 1.0
27 51 25.0 1.0
27 52 25.0 1.0
27 53 25.0 1.0
27 54 25.0 1.0
27 55 25.0 1.0
27 56 25.0 1.0
27 57 25.0 1.0
27 58 25.0 1.0
27 59 25.0 1.0
27 60 25.0 1.0
27 61 25.0 1.0
27 62 25.0 1.0
27 63 25.0 1.0
28 0 25.0 1.0
28 1 25.0 1.0
28 2 25.0 1.0
28 3 25.0 1.0
28 4 25.0 1.0
28 5 25.0 1.0
28 6 25.0 1.0
28 7 25.0 1.0
28 8 25.0 1.0
28 9 25.0 1.0
28 10 25.0 1.0
28 11 25.0 1.0
28 12 25.0 1.0
28 13 25.0 1.0
28 14 25.0 1.0
28 15 25.0 1.0
28 16 25.0 1.0
28 17 25.0 1.0
28 18 25.0 1.0
28 19 25.0 1.0
28 20 25.0 1.0
28 21 25.0 1.0
28 22 25.0 1.0
28 23 25.0 1.0
28 24 25.0 1.0
28 25 25.0 1.0
28 26 25.0 1.0
28 27 25.0 1.0
28 28 25.0 1.0
28 29 25.0 1.0
28 30 25.0 1.0
28 31 25.0 1.0
28 32 25.0 1.0
28 33 25.0 1.0
28 34 25.0 1.0
28 35 25.0 1.0
28 36 25.0 1.0
28 37 25.0 1.0
28 38 25.0 1.0
28 39 25.0 1.0
28 40 25.0 1.0
28 41 25.0 1.0
28 42 25.0 1.0
28 43 25.0 1.0
28 44 25.0 1.0
28 45 25.0 1.0
28 46 25.0 1.0
28 47 25.0 1.0
28 48 25.0 1.0
28 49 25.0 1.0
28 50 25.0 1.0
28 51 25.0 1.0
28 52 25.0 1.0
28 53 25.0 1.0
28 54 25.0 1.0
28 55 25.0 1.0
28 56 25.0 1.0
28 57 25.0 1.0
28 58 25.0 1.0
28 59 25.0 1.0
28 60 25.0 1.0
28 61 25.0 1.0
28 62 25.0 1.0
28 63 25.0 1.0
29 0 25.0 1.0
29 1 25.0 1.0
29 2 25.0 1.0
29 3 25.0 1.0
29 4 25.0 1.0
29 5 25.0 1.0
29 6 25.0 1.0
29 7 25.0 1.0
29 8 25.0 1.0
29 9 25.0 1.0
29 10 25.0 1.0
29 11 25.0 1.0
29 12 25.0 1.0
29 13 25.0 1.0
29 14 25.0 1.0
29 15 25.0 1.0
29 16 25.0 1.0
29 17 25.0 1.0
29 18 25.0 1.0
29 19 25.0 1.0
29 20 25.0 1.0
29 21 25.0 1.0
29 22 25.0 1.0
29 23 25.0 1.0
29 24 25.0 1.0
29 25 25.0 1.0
29 26 25.0 1.0
29 27 25.0 1.0
29 28 25.0 1.0
29 29 25.0 1.0
29 30 25.0 1.0
29 31 25.0 1.0
29 32 25.0 1.0
29 33 25.0 1.0
29 34 25.0 1.0
29 35 25.0 1.0
29 36 25.0 1.0
29 37 25.0 1.0
29 38 25.0 1.0
29 39 25.0 1.0
29 40 25.0 1.0
29 41 25.0 1.0
29 42 25.0 1.0
29 43 25.0 1.0
29 44 25.0 1.0
29 45 25.0 1.0
29 46 25.0 1.0
29 47 25.0 1.0
29 48 25.0 1.0
29 49 25.0 1.0
29 50 25.0 1.0
29 51 25.0 1.0
29 52 25.0 1.0
29 53 25.0 1.0
29 54 25.0 1.0
29 55 25.0 1.0
29 56 25.0 1.0
29 57 25.0 1.0
29 58 25.0 1.0
29 59 25.0 1.0
29 60 25.0 1.0
29 61 25.0 1.0
29 62 25.0 1.0
29 63 25.0 1.0
30 0 25.0 1.0
30 1 25.0 1.0
30 2 25.0 1.0
30 3 25.0 1.0
30 4 25.0 1.0
30 5 25.0 1.0
30 6 25.0 1.0
30 7 25.0 1.0
30 8 25.0 1.0
30 9 25.0 1.0
30 10 25.0 1.0
30 11 25.0 1.0
30 12 25.0 1.0
30 13 25.0 1.0
30 14 25.0 1.0
30 15 25.0 1.0
30 16 25.0 1.0
30 17 25.0 1.0
30 18 25.0 1.0
30 19 25.0 1.0
30 20 25.0 1.0
30 21 25.0 1.0
30 22 25.0 1.0
30 23 25.0 1.0
30 24 25.0 1.0
30 25 25.0 1.0
30 26 25.0 1.0
30 27 25.0 1.0
30 28 25.0 1.0
30 29 25.0 1.0
30 30 25.0 1.0
30 31 25.0 1.0
30 32 25.0 1.0
30 33 25.0 1.0
30 34 25.0 1.0
30 35 25.0 1.0
30 36 25.0 1.0
30 37 25.0 1.0
30 38 25.0 1.0
30 39 25.0 1.0
30 40 25.0 1.0
30 41 25.0 1.0
30 42 25.0 1.0
30 43 25.0 1.0
30 44 25.0 1.0
30 45 25.0 1.0
30 46 25.0 1.0
30 47 25.0 1.0
30 48 25.0 1.0
30 49 25.0 1.0
30 50 25.0 1.0
30 51 25.0 1.0
30 52 25.0 1.0
30 53 25.0 1.0
30 54 25.0 1.0
30 55 25.0 1.0
30 56 25.0 1.0
30 57 25.0 1.0
30 58 25.0 1.0
30 59 25.0 1.0
30 60 25.0 1.0
30 61 25.0 1.0
30 62 25.0 1.0
30 63 25.0 1.0
31 0 25.0 1.0
31 1 25.0 1.0
31 2 25.0 1.0
31 3 25.0 1.0
31 4 25.0 1.0
31 5 25.0 1.0
31 6 25.0 1.0
31 7 25.0 1.0
31 8 25.0 1.0
31 9 25.0 1.0
31 10 25.0 1.0
31 11 25.0 1.0
31 12 25.0 1.0
31 13 25.0 1.0
31 14 25.0 1.0
31 15 25.0 1.0
31 16 25.0 1.0
31 17 25.0 1.0
31 18 25.0 1.0
31 19 25.0 1.0
31 20 25.0 1.0
31 21 25.0 1.0
31 22 25.0 1.0
31 23 25.0 1.0
31 24 25.0 1.0
31 25 25.0 1.0
31 26 25.0 1.0
31 27 25.0 1.0
31 28 25.0 1.0
31 29 25.0 1.0
31 30 25.0 1.0
31 31 25.0 1.0
31 32 25.0 1.0
31 33 25.0 1.0
31 34 25.0 1.0
31 35 25.0 1.0
31 36 25.0 1.0
31 37 25.0 1.0
31 38 25.0 1.0
31 39 25.0 1.0
31 40 25.0 1.0
31 41 25.0 1.0
31 42 25.0 1.0
31 43 25.0 1.0
31 44 25.0 1.0
31 45 25.0 1.0
31 46 25.0 1.0
31 47 25.0 1.0
31 48 25.0 1.0
31 49 25.0 1.0
31 50 25.0 1.0
31 51 25.0 1.0
31 52 25.0 1.0
31 53 25.0 1.0
31 54 25.0 1.0
31 55 25.0 1.0
31 56 25.0 1.0
31 57 25.0 1.0
31 58 25.0 1.0
31 59 25.0 1.0
31 60 25.0 1.0
31 61 25.0 1.0
31 62 25.0 1.0
31 63 25.0 1.0
32 0 25.0 1.0
32 1 25.0 1.0
32 2 25.0 1.0
32 3 25.0 1.0
32 4 25.0 1.0
32 5 25.0 1.0
32 6 25.0 1.0
32 7 25.0 1.0
32 8 25.0 1.0
32 9 25.0 1.0
32 10 25.0 1.0
32 11 25.0 1.0
32 12 25.0 1.0
32 13 25.0 1.0
32 14 25.0 1.0
32 15 25.0 1.0
32 16 25.0 1.0
32 17 25.0 1.0
32 18 25.0 1.0
32 19 25.0 1.0
32 20 25.0 1.0
32 21 25.0 1.0
32 22 25.0 1.0
32 23 25.0 1.0
32 24 25.0 1.0
32 25 25.0 1.0
32 26 25.0 1.0
32 27 25.0 1.0
32 28 25.0 1.0
32 29 25.0 1.0
32 30 25.0 1.0
32 31 25.0 1.0
32 32 25.0 1.0
32 33 25.0 1.0
32 34 25.0 1.0
32 35 25.0 1.0
32 36 25.0 1.0
32 37 25.0 1.0
32 38 25.0 1.0
32 39 25.0 1.0
32 40 25.0 1.0
32 41 25.0 1.0
32 42 25.0 1.0
32 43 25.0 1.0
32 44 25.0 1.0
32 45 25.0 1.0
32 46 25.0 1.0
32 47 25.0 1.0
32 48 25.0 1.0
32 49 25.0 1.0
32 50 25.0 1.0
32 51 25.0 1.0
32 52 25.0 1.0
32 53 25.0 1.0
32 54 25.0 1.0
32 55 25.0 1.0
32 56 25.0 1.0
32 57 25.0 1.0
32 58 25.0 1.0
32 59 25.0 1.0
32 60 25.0 1.0
32 61 25.0 1.0
32 62 25.0 1.0
32 63 25.0 1.0
33 0 25.0 1.0
33 1 25.0 1.0
33 2 25.0 1.0
33 3 25.0 1.0
33 4 25.0 1.0
33 5 25.0 1.0
33 6 25.0 1.0
33 7 25.0 1.0
33 8 25.0 1.0
33 9 25.0 1.0
33 10 25.0 1.0
33 11 25.0 1.0
33 12 25.0 1.0
33 13 25.0 1.0
33 14 25.0 1.0
33 15 25.0 1.0
33 16 25.0 1.0
33 17 25.0 1.0
33 18 25.0 1.0
33 19 25.0 1.0
33 20 25.0 1.0
33 21 25.0 1.0
33 22 25.0 1.0
33 23 25.0 1.0
33 24 25.0 1.0
33 25 25.0 1.0
33 26 25.0 1.0
33 27 25.0 1.0
33 28 25.0 1.0
33 29 25.0 1.0
33 30 25.0 1.0
33 31 25.0 1.0
33 32 25.0 1.0
33 33 25.0 1.0
33 34 25.0 1.0
33 35 25.0 1.0
33 36 25.0 1.0
33 37 25.0 1.0
33 38 25.0 1.0
33 39 25.0 1.0
33 40 25.0 1.0
33 41 25.0 1.0
33 42 25.0 1.0
33 43 25.0 1.0
33 44 25.0 1.0
33 45 25.0 1.0
33 46 25.0 1.0
33 47 25.0 1.0
33 48 25.0 1.0
33 49 25.0 1.0
33 50 25.0 1.0
33 51 25.0 1.0
33 52 25.0 1.0
33 53 25.0 1.0
33 54 25.0 1.0
33 55 25.0 1.0
33 56 25.0 1.0
33 57 25.0 1.0
33 58 25.0 1.0
33 59 25.0 1.0
33 60 25.0 1.0
33 61 25.0 1.0
33 62 25.0 1.0
33 63 25.0 1.0
34 0 25.0 1.0
34 1 25.0 1.0
34 2 25.0 1.0
34 3 25.0 1.0
34 4 25.0 1.0
34 5 25.0 1.0
34 6 25.0 1.0
34 7 25.0 1.0
34 8 25.0 1.0
34 9 25.0 1.0
34 10 25.0 1.0
34 11 25.0 1.0
34 12 25.0 1.0
34 13 25.0 1.0
34 14 25.0 1.0
34 15 25.0 1.0
34 16 25.0 1.0
34 17 25.0 1.0
34 18 25.0 1.0
34 19 25.0 1.0
34 20 25.0 1.0
34 21 25.0 1.0
34 22 25.0 1.0
34 23 25.0 1.0
34 24 25.0 1.0
34 25 25.0 1.0
34 26 25.0 1.0
34 27 25.0 1.0
34 28 25.0 1.0
34 29 25.0 1.0
34 30 25.0 1.0
34 31 25.0 1.0
34 32 25.0 1.0
34 33 25.0 1.0
34 34 25.0 1.0
34 35 25.0 1.0
34 36 25.0 1.0
34 37 25.0 1.0
34 38 25.0 1.0
34 39 25.0 1.0
34 40 25.0 1.0
34 41 25.0 1.0
34 42 25.0 1.0
34 43 25.0 1.0
34 44 25.0 1.0
34 45 25.0 1.0
34 46 25.0 1.0
34 47 25.0 1.0
34 48 25.0 1.0
34 49 25.0 1.0
34 50 25.0 1.0
34 51 25.0 1.0
34 52 25.0 1.0
34 53 25.0 1.0
34 54 25.0 1.0
34 55 25.0 1.0
34 56 25.0 1.0
34 57 25.0 1.0
34 58 25.0 1.0
34 59 25.0 1.0
34 60 25.0 1.0
34 61 25.0 1.0
34 62 25.0 1.0
34 63 25.0 1.0
35 0 25.0 1.0
35 1 25.0 1.0
35 2 25.0 1.0
35 3 25.0 1.0
35 4 25.0 1.0
35 5 25.0 1.0
35 6 25.0 1.0
35 7 25.0 1.0
35 8 25.0 1.0
35 9 25.0 1.0
35 10 25.0 1.0
35 11 25.0 1.0
35 12 25.0 1.0
35 13 25.0 1.0
35 14 25.0 1.0
35 15 25.0 1.0
35 16 25.0 1.0
35 17 25.0 1.0
35 18 25.0 1.0
35 19 25.0 1.0
35 20 25.0 1.0
35 21 25.0 1.0
35 22 25.0 1.0
35 23 25.0 1.0
35 24 25.0 1.0
35 25 25.0 1.0
35 26 25.0 1.0
35 27 25.0 1.0
35 28 25.0 1.0
35 29 25.0 1.0
35 30 25.0 1.0
35 31 25.0 1.0
35 32 25.0 1.0
35 33 25.0 1.0
35 34 25.0 1.0
35 35 25.0 1.0
35 36 25.0 1.0
35 37 25.0 1.0
35 38 25.0 1.0
35 39 25.0 1.0
35 40 25.0 1.0
35 41 25.0 1.0
35 42 25.0 1.0
35 43 25.0 1.0
35 44 25.0 1.0
35 45 25.0 1.0
35 46 25.0 1.0
35 47 25.0 1.0
35 48 25.0 1.0
35 49 25.0 1.0
35 50 25.0 1.0
35 51 25.0 1.0
35 52 25.0 1.0
35 53 25.0 1.0
35 54 25.0 1.0
35 55 25.0 1.0
35 56 25.0 1.0
35 57 25.0 1.0
35 58 25.0 1.0
35 59 25.0 1.0
35 60 25.0 1.0
35 61 25.0 1.0
35 62 25.0 1.0
35 63 25.0 1.0
36 0 25.0 1.0
36 1 25.0 1.0
36 2 25.0 1.0
36 3 25.0 1.0
36 4 25.0 1.0
36 5 25.0 1.0
36 6 25.0 1.0
36 7 25.0 1.0
36 8 25.0 1.0
36 9 25.0 1.0
36 10 25.0 1.0
36 11 25.0 1.0
36 12 25.0 1.0
36 13 25.0 1.0
36 14 25.0 1.0
36 15 25.0 1.0
36 16 25.0 1.0
36 17 25.0 1.0
36 18 25.0 1.0
36 19 25.0 1.0
36 20 25.0 1.0
36 21 25.0 1.0
36 22 25.0 1.0
36 23 25.0 1.0
36 24 25.0 1.0
36 25 25.0 1.0
36 26 25.0 1.0
36 27 25.0 1.0
36 28 25.0 1.0
36 29 25.0 1.0
36 30 25.0 1.0
36 31 25.0 1.0
36 32 25.0 1.0
36 33 25.0 1.0
36 34 25.0 1.0
36 35 25.0 1.0
36 36 25.0 1.0
36 37 25.0 1.0
36 38 25.0 1.0
36 39 25.0 1.0
36 40 25.0 1.0
36 41 25.0 1.0
36 42 25.0 1.0
36 43 25.0 1.0
36 44 25.0 1.0
36 45 25.0 1.0
36 46 25.0 1.0
36 47 25.0 1.0
36 48 25.0 1.0
36 49 25.0 1.0
36 50 25.0 1.0
36 51 25.0 1.0
36 52 25.0 1.0
36 53 25.0 1.0
36 54 25.0 1.0
36 55 25.0 1.0
36 56 25.0 1.0
36 57 25.0 1.0
36 58 25.0 1.0
36 59 25.0 1.0
36 60 25.0 1.0
36 61 25.0 1.0
36 62 25.0 1.0
36 63 25.0 1.0
37 0 25.0 1.0
37 1 25.0 1.0
37 2 25.0 1.0
37 3 25.0 1.0
37 4 25.0 1.0
37 5 25.0 1.0
37 6 25.0 1.0
37 7 25.0 1.0
37 8 25.0 1.0
37 9 25.0 1.0
37 10 25.0 1.0
37 11 25.0 1.0
37 12 25.0 1.0
37 13 25.0 1.0
37 14 25.0 1.0
37 15 25.0 1.0
37 16 25.0 1.0
37 17 25.0 1.0
37 18 25.0 1.0
37 19 25.0 1.0
37 20 25.0 1.0
37 21 25.0 1.0
37 22 25.0 1.0
37 23 25.0 1.0
37 24 25.0 1.0
37 25 25.0 1.0
37 26 25.0 1.0
37 27 25.0 1.0
37 28 25.0 1.0
37 29 25.0 1.0
37 30 25.0 1.0
37 31 25.0 1.0
37 32 25.0 1.0
37 33 25.0 1.0
37 34 25.0 1.0
37 35 25.0 1.0
37 36 25.0 1.0
37 37 25.0 1.0
37 38 25.0 1.0
37 39 25.0 1.0
37 40 25.0 1.0
37 41 25.0 1.0
37 42 25.0 1.0
37 43 25.0 1.0
37 44 25.0 1.0
37 45 25.0 1.0
37 46 25.0 1.0
37 47 25.0 1.0
37 48 25.0 1.0
37 49 25.0 1.0
37 50 25.0 1.0
37 51 25.0 1.0
37 52 25.0 1.0
37 53 25.0 1.0
37 54 25.0 1.0
37 55 25.0 1.0
37 56 25.0 1.0
37 57 25.0 1.0
37 58 25.0 1.0
37 59 25.0 1.0
37 60 25.0 1.0
37 61 25.0 1.0
37 62 25.0 1.0
37 63 25.0 1.0
38 0 25.0 1.0
38 1 25.0 1.0
38 2 25.0 1.0
38 3 25.0 1.0
38 4 25.0 1.0
38 5 25.0 1.0
38 6 25.0 1.0
38 7 25.0 1.0
38 8 25.0 1.0
38 9 25.0 1.0
38 10 25.0 1.0
38 11 25.0 1.0
38 12 25.0 1.0
38 13 25.0 1.0
38 14 25.0 1.0
38 15 25.0 1.0
38 16 25.0 1.0
38 17 25.0 1.0
38 18 25.0 1.0
38 19 25.0 1.0
38 20 25.0 1.0
38 21 25.0 1.0
38 22 25.0 1.0
38 23 25.0 1.0
38 24 25.0 1.0
38 25 25.0 1.0
38 26 25.0 1.0
38 27 25.0 1.0
38 28 25.0 1.0
38 29 25.0 1.0
38 30 25.0 1.0
38 31 25.0 1.0
38 32 25.0 1.0
38 33 25.0 1.0
38 34 25.0 1.0
38 35 25.0 1.0
38 36 25.0 1.0
38 37 25.0 1.0
38 38 25.0 1.0
38 39 25.0 1.0
38 40 25.0 1.0
38 41 25.0 1.0
38 42 25.0 1.0
38 43 25.0 1.0
38 44 25.0 1.0
38 45 25.0 1.0
38 46 25.0 1.0
38 47 25.0 1.0
38 48 25.0 1.0
38 49 25.0 1.0
38 50 25.0 1.0
38 51 25.0 1.0
38 52 25.0 1.0
38 53 25.0 1.0
38 54 25.0 1.0
38 55 25.0 1.0
38 56 25.0 1.0
38 57 25.0 1.0
38 58 25.0 1.0
38 59 25.0 1.0
38 60 25.0 1.0
38 61 25.0 1.0
38 62 25.0 1.0
38 63 25.0 1.0
39 0 25.0 1.0
39 1 25.0 1.0
39 2 25.0 1.0
39 3 25.0 1.0
39 4 25.0 1.0
39 5 25.0 1.0
39 6 25.0 1.0
39 7 25.0 1.0
39 8 25.0 1.0
39 9 25.0 1.0
39 10 25.0 1.0
39 11 25.0 1.0
39 12 25.0 1.0
39 13 25.0 1.0
39 14 25.0 1.0
39 15 25.0 1.0
39 16 25.0 1.0
39 17 25.0 1.0
39 18 25.0 1.0
39 19 25.0 1.0
39 20 25.0 1.0
39 21 25.0 1.0
39 22 25.0 1.0
39 23 25.0 1.0
39 24 25.0 1.0
39 25 25.0 1.0
39 26 25.0 1.0
39 27 25.0 1.0
39 28 25.0 1.0
39 29 25.0 1.0
39 30 25.0 1.0
39 31 25.0 1.0
39 32 25.0 1.0
39 33 25.0 1.0
39 34 25.0 1.0
39 35 25.0 1.0
39 36 25.0 1.0
39 37 25.0 1.0
39 38 25.0 1.0
39 39 25.0 1.0
39 40 25.0 1.0
39 41 25.0 1.0
39 42 25.0 1.0
39 43 25.0 1.0
39 44 25.0 1.0
39 45 25.0 1.0
39 46 25.0 1.0
39 47 25.0 1.0
39 48 25.0 1.0
39 49 25.0 1.0
39 50 25.0 1.0
39 51 25.0 1.0
39 52 25.0 1.0
39 53 25.0 1.0
39 54 25.0 1.0
39 55 25.0 1.0
39 56 25.0 1.0
39 57 25.0 1.0
39 58 25.0 1.0
39 59 25.0 1.0
39 60 25.0 1.0
39 61 25.0 1.0
39 62 25.0 1.0
39 63 25.0 1.0
40 0 25.0 1.0
40 1 25.0 1.0
40 2 25.0 1.0
40 3 25.0 1.0
40 4 25.0 1.0
40 5 25.0 1.0
40 6 25.0 1.0
40 7 25.0 1.0
40 8 25.0 1.0
40 9 25.0 1.0
40 10 25.0 1.0
40 11 25.0 1.0
40 12 25.0 1.0
40 13 25.0 1.0
40 14 25.0 1.0
40 15 25.0 1.0
40 16 25.0 1.0
40 17 25.0 1.0
40 18 25.0 1.0
40 19 25.0 1.0
40 20 25.0 1.0
40 21 25.0 1.0
40 22 25.0 1.0
40 23 25.0 1.0
40 24 25.0 1.0
40 25 25.0 1.0
40 26 25.0 1.0
40 27 25.0 1.0
40 28 25.0 1.0
40 29 25.0 1.0
40 30 25.0 1.0
40 31 25.0 1.0
40 32 25.0 1.0
40 33 25.0 1.0
40 34 25.0 1.0
40 35 25.0 1.0
40 36 25.0 1.0
40 37 25.0 1.0
40 38 25.0 1.0
40 39 25.0 1.0
40 40 25.0 1.0
40 41 25.0 1.0
40 42 25.0 1.0
40 43 25.0 1.0
40 44 25.0 1.0
40 45 25.0 1.0
40 46 25.0 1.0
40 47 25.0 1.0
40 48 25.0 1.0
40 49 25.0 1.0
40 50 25.0 1.0
40 51 25.0 1.0
40 52 25.0 1.0
40 53 25.0 1.0
40 54 25.0 1.0
40 55 25.0 1.0
40 56 25.0 1.0
40 57 25.0 1.0
40 58 25.0 1.0
40 59 25.0 1.0
40 60 25.0 1.0
40 61 25.0 1.0
40 62 25.0 1.0
40 63 25.0 1.0
41 0 25.0 1.0
41 1 25.0 1.0
41 2 25.0 1.0
41 3 25.0 1.0
41 4 25.0 1.0
41 5 25.0 1.0
41 6 25.0 1.0
41 7 25.0 1.0
41 8 25.0 1.0
41 9 25.0 1.0
41 10 25.0 1.0
41 11 25.0 1.0
41 12 25.0 1.0
41 13 25.0 1.0
41 14 25.0 1.0
41 15 25.0 1.0
41 16 25.0 1.0
41 17 25.0 1.0
41 18 25.0 1.0
41 19 25.0 1.0
41 20 25.0 1.0
41 21 25.0 1.0
41 22 25.0 1.0
41 23 25.0 1.0
41 24 25.0 1.0
41 25 25.0 1.0
41 26 25.0 1.0
41 27 25.0 1.0
41 28 25.0 1.0
41 29 25.0 1.0
41 30 25.0 1.0
41 31 25.0 1.0
41 32 25.0 1.0
41 33 25.0 1.0
41 34 25.0 1.0
41 35 25.0 1.0
41 36 25.0 1.0
41 37 25.0 1.0
41 38 25.0 1.0
41 39 25.0 1.0
41 40 25.0 1.0
41 41 25.0 1.0
41 42 25.0 1.0
41 43 25.0 1.0
41 44 25.0 1.0
41 45 25.0 1.0
41 46 25.0 1.0
41 47 25.0 1.0
41 48 25.0 1.0
41 49 25.0 1.0
41 50 25.0 1.0
41 51 25.0 1.0
41 52 25.0 1.0
41 53 25.0 1.0
41 54 25.0 1.0
41 55 25.0 1.0
41 56 25.0 1.0
41 57 25.0 1.0
41 58 25.0 1.0
41 59 25.0 1.0
41 60 25.0 1.0
41 61 25.0 1.0
41 62 25.0 1.0
41 63 25.0 1.0
42 0 25.0 1.0
42 1 25.0 1.0
42 2 25.0 1.0
42 3 25.0 1.0
42 4 25.0 1.0
42 5 25.0 1.0
42 6 25.0 1.0
42 7 25.0 1.0
42 8 25.0 1.0
42 9 25.0 1.0
42 10 25.0 1.0
42 11 25.0 1.0
42 12 25.0 1.0
42 13 25.0 1.0
42 14 25.0 1.0
42 15 25.0 1.0
42 16 25.0 1.0
42 17 25.0 1.0
42 18 25.0 1.0
42 19 25.0 1.0
42 20 25.0 1.0
42 21 25.0 1.0
42 22 25.0 1.0
42 23 25.0 1.0
42 24 25.0 1.0
42 25 25.0 1.0
42 26 25.0 1.0
42 27 25.0 1.0
42 28 25.0 1.0
42 29 25.0 1.0
42 30 25.0 1.0
42 31 25.0 1.0
42 32 25.0 1.0
42 33 25.0 1.0
42 34 25.0 1.0
42 35 25.0 1.0
42 36 25.0 1.0
42 37 25.0 1.0
42 38 25.0 1.0
42 39 25.0 1.0
42 40 25.0 1.0
42 41 25.0 1.0
42 42 25.0 1.0
42 43 25.0 1.0
42 44 25.0 1.0
42 45 25.0 1.0
42 46 25.0 1.0
42 47 25.0 1.0
42 48 25.0 1.0
42 49 25.0 1.0
42 50 25.0 1.0
42 51 25.0 1.0
42 52 25.0 1.0
42 53 25.0 1.0
42 54 25.0 1.0
42 55 25.0 1.0
42 56 25.0 1.0
42 57 25.0 1.0
42 58 25.0 1.0
42 59 25.0 1.0
42 60 25.0 1.0
42 61 25.0 1.0
42 62 25.0 1.0
42 63 25.0 1.0
43 0 25.0 1.0
43 1 25.0 1.0
43 2 25.0 1.0
43 3 25.0 1.0
43 4 25.0 1.0
43 5 25.0 1.0
43 6 25.0 1.0
43 7 25.0 1.0
43 8 25.0 1.0
43 9 25.0 1.0
43 10 25.0 1.0
43 11 25.0 1.0
43 12 25.0 1.0
43 13 25.0 1.0
43 14 25.0 1.0
43 15 25.0 1.0
43 16 25.0 1.0
43 17 25.0 1.0
43 18 25.0 1.0
43 19 25.0 1.0
43 20 25.0 1.0
43 21 25.0 1.0
43 22 25.0 1.0
43 23 25.0 1.0
43 24 25.0 1.0
43 25 25.0 1.0
43 26 25.0 1.0
43 27 25.0 1.0
43 28 25.0 1.0
43 29 25.0 1.0
43 30 25.0 1.0
43 31 25.0 1.0
43 32 25.0 1.0
43 33 25.0 1.0
43 34 25.0 1.0
43 35 25.0 1.0
43 36 25.0 1.0
43 37 25.0 1.0
43 38 25.0 1.0
43 39 25.0 1.0
43 40 25.0 1.0
43 41 25.0 1.0
43 42 25.0 1.0
43 43 25.0 1.0
43 44 25.0 1.0
43 45 25.0 1.0
43 46 25.0 1.0
43 47 25.0 1.0
43 48 25.0 1.0
43 49 25.0 1.0
43 50 25.0 1.0
43 51 25.0 1.0
43 52 25.0 1.0
43 53 25.0 1.0
43 54 25.0 1.0
43 55 25.0 1.0
43 56 25.0 1.0
43 57 25.0 1.0
43 58 25.0 1.0
43 59 25.0 1.0
43 60 25.0 1.0
43 61 25.0 1.0
43 62 25.0 1.0
43 63 25.0 1.0
44 0 25.0 1.0
44 1 25.0 1.0
44 2 25.0 1.0
44 3 25.0 1.0
44 4 25.0 1.0
44 5 25.0 1.0
44 6 25.0 1.0
44 7 25.0 1.0
44 8 25.0 1.0
44 9 25.0 1.0
44 10 25.0 1.0
44 11 25.0 1.0
44 12 25.0 1.0
44 13 25.0 1.0
44 14 25.0 1.0
44 15 25.0 1.0
44 16 25.0 1.0
44 17 25.0 1.0
44 18 25.0 1.0
44 19 25.0 1.0
44 20 25.0 1.0
44 21 25.0 1.0
44 22 25.0 1.0
44 23 25.0 1.0
44 24 25.0 1.0
44 25 25.0 1.0
44 26 25.0 1.0
44 27 25.0 1.0
44 28 25.0 1.0
44 29 25.0 1.0
44 30 25.0 1.0
44 31 25.0 1.0
44 32 25.0 1.0
44 33 25.0 1.0
44 34 25.0 1.0
44 35 25.0 1.0
44 36 25.0 1.0
44 37 25.0 1.0
44 38 25.0 1.0
44 39 25.0 1.0
44 40 25.0 1.0
44 41 25.0 1.0
44 42 25.0 1.0
44 43 25.0 1.0
44 44 25.0 1.0
44 45 25.0 1.0
44 46 25.0 1.0
44 47 25.0 1.0
44 48 25.0 1.0
44 49 25.0 1.0
44 50 25.0 1.0
44 51 25.0 1.0
44 52 25.0 1.0
44 53 25.0 1.0
44 54 25.0 1.0
44 55 25.0 1.0
44 56 25.0 1.0
44 57 25.0 1.0
44 58 25.0 1.0
44 59 25.0 1.0
44 60 25.0 1.0
44 61 25.0 1.0
44 62 25.0 1.0
44 63 25.0 1.0
45 0 25.0 1.0
45 1 25.0 1.0
45 2 25.0 1.0
45 3 25.0 1.0
45 4 25.0 1.0
45 5 25.0 1.0
45 6 25.0 1.0
45 7 25.0 1.0
45 8 25.0 1.0
45 9 25.0 1.0
45 10 25.0 1.0
45 11 25.0 1.0
45 12 25.0 1.0
45 13 25.0 1.0
45 14 25.0 1.0
45 15 25.0 1.0
45 16 25.0 1.0
45 17 25.0 1.0
45 18 25.0 1.0
45 19 25.0 1.0
45 20 25.0 1.0
45 21 25.0 1.0
45 22 25.0 1.0
45 23 25.0 1.0
45 24 25.0 1.0
45 25 25.0 1.0
45 26 25.0 1.0
45 27 25.0 1.0
45 28 25.0 1.0
45 29 25.0 1.0
45 30 25.0 1.0
45 31 25.0 1.0
45 32 25.0 1.0
45 33 25.0 1.0
45 34 25.0 1.0
45 35 25.0 1.0
45 36 25.0 1.0
45 37 25.0 1.0
45 38 25.0 1.0
45 39 25.0 1.0
45 40 25.0 1.0
45 41 25.0 1.0
45 42 25.0 1.0
45 43 25.0 1.0
45 44 25.0 1.0
45 45 25.0 1.0
45 46 25.0 1.0
45 47 25.0 1.0
45 48 25.0 1.0
45 49 25.0 1.0
45 50 25.0 1.0
45 51 25.0 1.0
45 52 25.0 1.0
45 53 25.0 1.0
45 54 25.0 1.0
45 55 25.0 1.0
45 56 25.0 1.0
45 57 25.0 1.0
45 58 25.0 1.0
45 59 25.0 1.0
45 60 25.0 1.0
45 61 25.0 1.0
45 62 25.0 1.0
45 63 25.0 1.0
46 0 25.0 1.0
46 1 25.0 1.0
46 2 25.0 1.0
46 3 25.0 1.0
46 4 25.0 1.0
46 5 25.0 1.0
46 6 25.0 1.0
46 7 25.0 1.0
46 8 25.0 1.0
46 9 25.0 1.0
46 10 25.0 1.0
46 11 25.0 1.0
46 12 25.0 1.0
46 13 25.0 1.0
46 14 25.0 1.0
46 15 25.0 1.0
46 16 25.0 1.0
46 17 25.0 1.0
46 18 25.0 1.0
46 19 25.0 1.0
46 20 25.0 1.0
46 21 25.0 1.0
46 22 25.0 1.0
46 23 25.0 1.0
46 24 25.0 1.0
46 25 25.0 1.0
46 26 25.0 1.0
46 27 25.0 1.0
46 28 25.0 1.0
46 29 25.0 1.0
46 30 25.0 1.0
46 31 25.0 1.0
46 32 25.0 1.0
46 33 25.0 1.0
46 34 25.0 1.0
46 35 25.0 1.0
46 36 25.0 1.0
46 37 25.0 1.0
46 38 25.0 1.0
46 39 25.0 1.0
46 40 25.0 1.0
46 41 25.0 1.0
46 42 25.0 1.0
46 43 25.0 1.0
46 44 25.0 1.0
46 45 25.0 1.0
46 46 25.0 1.0
46 47 25.0 1.0
46 48 25.0 1.0
46 49 25.0 1.0
46 50 25.0 1.0
46 51 25.0 1.0
46 52 25.0 1.0
46 53 25.0 1.0
46 54 25.0 1.0
46 55 25.0 1.0
46 56 25.0 1.0
46 57 25.0 1.0
46 58 25.0 1.0
46 59 25.0 1.0
46 60 25.0 1.0
46 61 25.0 1.0
46 62 25.0 1.0
46 63 25.0 1.0
47 0 25.0 1.0
47 1 25.0 1.0
47 2 25.0 1.0
47 3 25.0 1.0
47 4 25.0 1.0
47 5 25.0 1.0
47 6 25.0 1.0
47 7 25.0 1.0
47 8 25.0 1.0
47 9 25.0 1.0
47 10 25.0 1.0
47 11 25.0 1.0
47 12 25.0 1.0
47 13 25.0 1.0
47 14 25.0 1.0
47 15 25.0 1.0
47 16 25.0 1.0
47 17 25.0 1.0
47 18 25.0 1.0
47 19 25.0 1.0
47 20 25.0 1.0
47 21 25.0 1.0
47 22 25.0 1.0
47 23 25.0 1.0
47 24 25.0 1.0
47 25 25.0 1.0
47 26 25.0 1.0
47 27 25.0 1.0
47 28 25.0 1.0
47 29 25.0 1.0
47 30 25.0 1.0
47 31 25.0 1.0
47 32 25.0 1.0
47 33 25.0 1.0
47 34 25.0 1.0
47 35 25.0 1.0
47 36 25.0 1.0
47 37 25.0 1.0
47 38 25.0 1.0
47 39 25.0 1.0
47 40 25.0 1.0
47 41 25.0 1.0
47 42 25.0 1.0
47 43 25.0 1.0
47 44 25.0 1.0
47 45 25.0 1.0
47 46 25.0 1.0
47 47 25.0 1.0
47 48 25.0 1.0
47 49 25.0 1.0
47 50 25.0 1.0
47 51 25.0 1.0
47 52 25.0 1.0
47 53 25.0 1.0
47 54 25.0 1.0
47 55 25.0 1.0
47 56 25.0 1.0
47 57 25.0 1.0
47 58 25.0 1.0
47 59 25.0 1.0
47 60 25.0 1.0
47 61 25.0 1.0
47 62 25.0 1.0
47 63 25.0 1.0
48 0 25.0 1.0
48 1 25.0 1.0
48 2 25.0 1.0
48 3 25.0 1.0
48 4 25.0 1.0
48 5 25.0 1.0
48 6 25.0 1.0
48 7 25.0 1.0
48 8 25.0 1.0
48 9 25.0 1.0
48 10 25.0 1.0
48 11 25.0 1.0
48 12 25.0 1.0
48 13 25.0 1.0
48 14 25.0 1.0
48 15 25.0 1.0
48 16 25.0 1.0
48 17 25.0 1.0
48 18 25.0 1.0
48 19 25.0 1.0
48 20 25.0 1.0
48 21 25.0 1.0
48 22 25.0 1.0
48 23 25.0 1.0
48 24 25.0 1.0
48 25 25.0 1.0
48 26 25.0 1.0
48 27 25.0 1.0
48 28 25.0 1.0
48 29 25.0 1.0
48 30 25.0 1.0
48 31 25.0 1.0
48 32 25.0 1.0
48 33 25.0 1.0
48 34 25.0 1.0
48 35 25.0 1.0
48 36 25.0 1.0
48 37 25.0 1.0
48 38 25.0 1.0
48 39 25.0 1.0
48 40 25.0 1.0
48 41 25.0 1.0
48 42 25.0 1.0
48 43 25.0 1.0
48 44 25.0 1.0
48 45 25.0 1.0
48 46 25.0 1.0
48 47 25.0 1.0
48 48 25.0 1.0
48 49 25.0 1.0
48 50 25.0 1.0
48 51 25.0 1.0
48 52 25.0 1.0
48 53 25.0 1.0
48 54 25.0 1.0
48 55 25.0 1.0
48 56 25.0 1.0
48 57 25.0 1.0
48 58 25.0 1.0
48 59 25.0 1.0
48 60 25.0 1.0
48 61 25.0 1.0
48 62 25.0 1.0
48 63 25.0 1.0
49 0 25.0 1.0
49 1 25.0 1.0
49 2 25.0 1.0
49 3 25.0 1.0
49 4 25.0 1.0
49 5 25.0 1.0
49 6 25.0 1.0
49 7 25.0 1.0
49 8 25.0 1.0
49 9 25.0 1.0
49 10 25.0 1.0
49 11 25.0 1.0
49 12 25.0 1.0
49 13 25.0 1.0
49 14 25.0 1.0
49 15 25.0 1.0
49 16 25.0 1.0
49 17 25.0 1.0
49 18 25.0 1.0
49 19 25.0 1.0
49 20 25.0 1.0
49 21 25.0 1.0
49 22 25.0 1.0
49 23 25.0 1.0
49 24 25.0 1.0
49 25 25.0 1.0
49 26 25.0 1.0
49 27 25.0 1.0
49 28 25.0 1.0
49 29 25.0 1.0
49 30 25.0 1.0
49 31 25.0 1.0
49 32 25.0 1.0
49 33 25.0 1.0
49 34 25.0 1.0
49 35 25.0 1.0
49 36 25.0 1.0
49 37 25.0 1.0
49 38 25.0 1.0
49 39 25.0 1.0
49 40 25.0 1.0
49 41 25.0 1.0
49 42 25.0 1.0
49 43 25.0 1.0
49 44 25.0 1.0
49 45 25.0 1.0
49 46 25.0 1.0
49 47 25.0 1.0
49 48 25.0 1.0
49 49 25.0 1.0
49 50 25.0 1.0
49 51 25.0 1.0
49 52 25.0 1.0
49 53 25.0 1.0
49 54 25.0 1.0
49 55 25.0 1.0
49 56 25.0 1.0
49 57 25.0 1.0
49 58 25.0 1.0
49 59 25.0 1.0
49 60 25.0 1.0
49 61 25.0 1.0
49 62 25.0 1.0
49 63 25.0 1.0
50 0 25.0 1.0
50 1 25.0 1.0
50 2 25.0 1.0
50 3 25.0 1.0
50 4 25.0 1.0
50 5 25.0 1.0
50 6 25.0 1.0
50 7 25.0 1.0
50 8 25.0 1.0
50 9 25.0 1.0
50 10 25.0 1.0
50 11 25.0 1.0
50 12 25.0 1.0
50 13 25.0 1.0
50 14 25.0 1.0
50 15 25.0 1.0
50 16 25.0 1.0
50 17 25.0 1.0
50 18 25.0 1.0
50 19 25.0 1.0
50 20 25.0 1.0
50 21 25.0 1.0
50 22 25.0 1.0
50 23 25.0 1.0
50 24 25.0 1.0
50 25 25.0 1.0
50 26 25.0 1.0
50 27 25.0 1.0
50 28 25.0 1.0
50 29 25.0 1.0
50 30 25.0 1.0
50 31 25.0 1.0
50 32 25.0 1.0
50 33 25.0 1.0
50 34 25.0 1.0
50 35 25.0 1.0
50 36 25.0 1.0
50 37 25.0 1.0
50 38 25.0 1.0
50 39 25.0 1.0
50 40 25.0 1.0
50 41 25.0 1.0
50 42 25.0 1.0
50 43 25.0 1.0
50 44 25.0 1.0
50 45 25.0 1.0
50 46 25.0 1.0
50 47 25.0 1.0
50 48 25.0 1.0
50 49 25.0 1.0
50 50 25.0 1.0
50 51 25.0 1.0
50 52 25.0 1.0
50 53 25.0 1.0
50 54 25.0 1.0
50 55 25.0 1.0
50 56 25.0 1.0
50 57 25.0 1.0
50 58 25.0 1.0
50 59 25.0 1.0
50 60 25.0 1.0
50 61 25.0 1.0
50 62 25.0 1.0
50 63 25.0 1.0
51 0 25.0 1.0
51 1 25.0 1.0
51 2 25.0 1.0
51 3 25.0 1.0
51 4 25.0 1.0
51 5 25.0 1.0
51 6 25.0 1.0
51 7 25.0 1.0
51 8 25.0 1.0
51 9 25.0 1.0
51 10 25.0 1.0
51 11 25.0 1.0
51 12 25.0 1.0
51 13 25.0 1.0
51 14 25.0 1.0
51 15 25.0 1.0
51 16 25.0 1.0
51 17 25.0 1.0
51 18 25.0 1.0
51 19 25.0 1.0
51 20 25.0 1.0
51 21 25.0 1.0
51 22 25.0 1.0
51 23 25.0 1.0
51 24 25.0 1.0
51 25 25.0 1.0
51 26 25.0 1.0
51 27 25.0 1.0
51 28 25.0 1.0
51 29 25.0 1.0
51 30 25.0 1.0
51 31 25.0 1.0
51 32 25.0 1.0
51 33 25.0 1.0
51 34 25.0 1.0
51 35 25.0 1.0
51 36 25.0 1.0
51 37 25.0 1.0
51 38 25.0 1.0
51 39 25.0 1.0
51 40 25.0 1.0
51 41 25.0 1.0
51 42 25.0 1.0
51 43 25.0 1.0
51 44 25.0 1.0
51 45 25.0 1.0
51 46 25.0 1.0
51 47 25.0 1.0
51 48 25.0 1.0
51 49 25.0 1.0
51 50 25.0 1.0
51 51 25.0 1.0
51 52 25.0 1.0
51 53 25.0 1.0
51 54 25.0 1.0
51 55 25.0 1.0
51 56 25.0 1.0
51 57 25.0 1.0
51 58 25.0 1.0
51 59 25.0 1.0
51 60 25.0 1.0
51 61 25.0 1.0
51 62 25.0 1.0
51 63 25.0 1.0
52 0 25.0 1.0
52 1 25.0 1.0
52 2 25.0 1.0
52 3 25.0 1.0
52 4 25.0 1.0
52 5 25.0 1.0
52 6 25.0 1.0
52 7 25.0 1.0
52 8 25.0 1.0
52 9 25.0 1.0
52 10 25.0 1.0
52 11 25.0 1.0
52 12 25.0 1.0
52 13 25.0 1.0
52 14 25.0 1.0
52 15 25.0 1.0
52 16 25.0 1.0
52 17 25.0 1.0
52 18 25.0 1.0
52 19 25.0 1.0
52 20 25.0 1.0
52 21 25.0 1.0
52 22 25.0 1.0
52 23 25.0 1.0
52 24 25.0 1.0
52 25 25.0 1.0
52 26 25.0 1.0
52 27 25.0 1.0
52 28 25.0 1.0
52 29 25.0 1.0
52 30 25.0 1.0
52 31 25.0 1.0
52 32 25.0 1.0
52 33 25.0 1.0
52 34 25.0 1.0
52 35 25.0 1.0
52 36 25.0 1.0
52 37 25.0 1.0
52 38 25.0 1.0
52 39 25.0 1.0
52 40 25.0 1.0
52 41 25.0 1.0
52 42 25.0 1.0
52 43 25.0 1.0
52 44 25.0 1.0
52 45 25.0 1.0
52 46 25.0 1.0
52 47 25.0 1.0
52 48 25.0 1.0
52 49 25.0 1.0
52 50 25.0 1.0
52 51 25.0 1.0
52 52 25.0 1.0
52 53 25.0 1.0
52 54 25.0 1.0
52 55 25.0 1.0
52 56 25.0 1.0
52 57 25.0 1.0
52 58 25.0 1.0
52 59 25.0 1.0
52 60 25.0 1.0
52 61 25.0 1.0
52 62 25.0 1.0
52 63 25.0 1.0
53 0 25.0 1.0
53 1 25.0 1.0
53 2 25.0 1.0
53 3 25.0 1.0
53 4 25.0 1.0
53 5 25.0 1.0
53 6 25.0 1.0
53 7 25.0 1.0
53 8 25.0 1.0
53 9 25.0 1.0
53 10 25.0 1.0
53 11 25.0 1.0
53 12 25.0 1.0
53 13 25.0 1.0
53 14 25.0 1.0
53 15 25.0 1.0
53 16 25.0 1.0
53 17 25.0 1.0
53 18 25.0 1.0
53 19 25.0 1.0
53 20 25.0 1.0
53 21 25.0 1.0
53 22 25.0 1.0
53 23 25.0 1.0
53 24 25.0 1.0
53 25 25.0 1.0
53 26 25.0 1.0
53 27 25.0 1.0
53 28 25.0 1.0
53 29 25.0 1.0
53 30 25.0 1.0
53 31 25.0 1.0
53 32 25.0 1.0
53 33 25.0 1.0
53 34 25.0 1.0
53 35 25.0 1.0
53 36 25.0 1.0
53 37 25.0 1.0
53 38 25.0 1.0
53 39 25.0 1.0
53 40 25.0 1.0
53 41 25.0 1.0
53 42 25.0 1.0
53 43 25.0 1.0
53 44 25.0 1.0
53 45 25.0 1.0
53 46 25.0 1.0
53 47 25.0 1.0
53 48 25.0 1.0
53 49 25.0 1.0
53 50 25.0 1.0
53 51 25.0 1.0
53 52 25.0 1.0
53 53 25.0 1.0
53 54 25.0 1.0
53 55 25.0 1.0
53 56 25.0 1.0
53 57 25.0 1.0
53 58 25.0 1.0
53 59 25.0 1.0
53 60 25.0 1.0
53 61 25.0 1.0
53 62 25.0 1.0
53 63 25.0 1.0
54 0 25.0 1.0
54 1 25.0 1.0
54 2 25.0 1.0
54 3 25.0 1.0
54 4 25.0 1.0
54 5 25.0 1.0
54 6 25.0 1.0
54 7 25.0 1.0
54 8 25.0 1.0
54 9 25.0 1.0
54 10 25.0 1.0
54 11 25.0 1.0
54 12 25.0 1.0
54 13 25.0 1.0
54 14 25.0 1.0
54 15 25.0 1.0
54 16 25.0 1.0
54 17 25.0 1.0
54 18 25.0 1.0
54 19 25.0 1.0
54 20 25.0 1.0
54 21 25.0 1.0
54 22 25.0 1.0
54 23 25.0 1.0
54 24 25.0 1.0
54 25 25.0 1.0
54 26 25.0 1.0
54 27 25.0 1.0
54 28 25.0 1.0
54 29 25.0 1.0
54 30 25.0 1.0
54 31 25.0 1.0
54 32 25.0 1.0
54 33 25.0 1.0
54 34 25.0 1.0
54 35 25.0 1.0
54 36 25.0 1.0
54 37 25.0 1.0
54 38 25.0 1.0
54 39 25.0 1.0
54 40 25.0 1.0
54 41 25.0 1.0
54 42 25.0 1.0
54 43 25.0 1.0
54 44 25.0 1.0
54 45 25.0 1.0
54 46 25.0 1.0
54 47 25.0 1.0
54 48 25.0 1.0
54 49 25.0 1.0
54 50 25.0 1.0
54 51 25.0 1.0
54 52 25.0 1.0
54 53 25.0 1.0
54 54 25.0 1.0
54 55 25.0 1.0
54 56 25.0 1.0
54 57 25.0 1.0
54 58 25.0 1.0
54 59 25.0 1.0
54 60 25.0 1.0
54 61 25.0 1.0
54 62 25.0 1.0
54 63 25.0 1.0
55 0 25.0 1.0
55 1 25.0 1.0
55 2 25.0 1.0
55 3 25.0 1.0
55 4 25.0 1.0
55 5 25.0 1.0
55 6 25.0 1.0
55 7 25.0 1.0
55 8 25.0 1.0
55 9 25.0 1.0
55 10 25.0 1.0
55 11 25.0 1.0
55 12 25.0 1.0
55 13 25.0 1.0
55 14 25.0 1.0
55 15 25.0 1.0
55 16 25.0 1.0
55 17 25.0 1.0
55 18 25.0 1.0
55 19 25.0 1.0
55 20 25.0 1.0
55 21 25.0 1.0
55 22 25.0 1.0
55 23 25.0 1.0
55 24 25.0 1.0
55 25 25.0 1.0
55 26 25.0 1.0
55 27 25.0 1.0
55 28 25.0 1.0
55 29 25.0 1.0
55 30 25.0 1.0
55 31 25.0 1.0
55 32 25.0 1.0
55 33 25.0 1.0
55 34 25.0 1.0
55 35 25.0 1.0
55 36 25.0 1.0
55 37 25.0 1.0
55 38 25.0 1.0
55 39 25.0 1.0
55 40 25.0 1.0
55 41 25.0 1.0
55 42 25.0 1.0
55 43 25.0 1.0
55 44 25.0 1.0
55 45 25.0 1.0
55 46 25.0 1.0
55 47 25.0 1.0
55 48 25.0 1.0
55 49 25.0 1.0
55 50 25.0 1.0
55 51 25.0 1.0
55 52 25.0 1.0
55 53 25.0 1.0
55 54 25.0 1.0
55 55 25.0 1.0
55 56 25.0 1.0
55 57 25.0 1.0
55 58 25.0 1.0
55 59 25.0 1.0
55 60 25.0 1.0
55 61 25.0 1.0
55 62 25.0 1.0
55 63 25.0 1.0
56 0 25.0 1.0
56 1 25.0 1.0
56 2 25.0 1.0
56 3 25.0 1.0
56 4 25.0 1.0
56 5 25.0 1.0
56 6 25.0 1.0
56 7 25.0 1.0
56 8 25.0 1.0
56 9 25.0 1.0
56 10 25.0 1.0
56 11 25.0 1.0
56 12 25.0 1.0
56 13 25.0 1.0
56 14 25.0 1.0
56 15 25.0 1.0
56 16 25.0 1.0
56 17 25.0 1.0
56 18 25.0 1.0
56 19 25.0 1.0
56 20 25.0 1.0
56 21 25.0 1.0
56 22 25.0 1.0
56 23 25.0 1.0
56 24 25.0 1.0
56 25 25.0 1.0
56 26 25.0 1.0
56 27 25.0 1.0
56 28 25.0 1.0
56 29 25.0 1.0
56 30 25.0 1.0
56 31 25.0 1.0
56 32 25.0 1.0
56 33 25.0 1.0
56 34 25.0 1.0
56 35 25.0 1.0
56 36 25.0 1.0
56 37 25.0 1.0
56 38 25.0 1.0
56 39 25.0 1.0
56 40 25.0 1.0
56 41 25.0 1.0
56 42 25.0 1.0
56 43 25.0 1.0
56 44 25.0 1.0
56 45 25.0 1.0
56 46 25.0 1.0
56 47 25.0 1.0
56 48 25.0 1.0
56 49 25.0 1.0
56 50 25.0 1.0
56 51 25.0 1.0
56 52 25.0 1.0
56 53 25.0 1.0
56 54 25.0 1.0
56 55 25.0 1.0
56 56 25.0 1.0
56 57 25.0 1.0
56 58 25.0 1.0
56 59 25.0 1.0
56 60 25.0 1.0
56 61 25.0 1.0
56 62 25.0 1.0
56 63 25.0 1.0
57 0 25.0 1.0
57 1 25.0 1.0
57 2 25.0 1.0
57 3 25.0 1.0
57 4 25.0 1.0
57 5 25.0 1.0
57 6 25.0 1.0
57 7 25.0 1.0
57 8 25.0 1.0
57 9 25.0 1.0
57 10 25.0 1.0
57 11 25.0 1.0
57 12 25.0 1.0
57 13 25.0 1.0
57 14 25.0 1.0
57 15 25.0 1.0
57 16 25.0 1.0
57 17 25.0 1.0
57 18 25.0 1.0
57 19 25.0 1.0
57 20 25.0 1.0
57 21 25.0 1.0
57 22 25.0 1.0
57 23 25.0 1.0
57 24 25.0 1.0
57 25 25.0 1.0
57 26 25.0 1.0
57 27 25.0 1.0
57 28 25.0 1.0
57 29 25.0 1.0
57 30 25.0 1.0
57 31 25.0 1.0
57 32 25.0 1.0
57 33 25.0 1.0
57 34 25.0 1.0
57 35 25.0 1.0
57 36 25.0 1.0
57 37 25.0 1.0
57 38 25.0 1.0
57 39 25.0 1.0
57 40 25.0 1.0
57 41 25.0 1.0
57 42 25.0 1.0
57 43 25.0 1.0
57 44 25.0 1.0
57 45 25.0 1.0
57 46 25.0 1.0
57 47 25.0 1.0
57 48 25.0 1.0
57 49 25.0 1.0
57 50 25.0 1.0
57 51 25.0 1.0
57 52 25.0 1.0
57 53 25.0 1.0
57 54 25.0 1.0
57 55 25.0 1.0
57 56 25.0 1.0
57 57 25.0 1.0
57 58 25.0 1.0
57 59 25.0 1.0
57 60 25.0 1.0
57 61 25.0 1.0
57 62 25.0 1.0
57 63 25.0 1.0
58 0 25.0 1.0
58 1 25.0 1.0
58 2 25.0 1.0
58 3 25.0 1.0
58 4 25.0 1.0
58 5 25.0 1.0
58 6 25.0 1.0
58 7 25.0 1.0
58 8 25.0 1.0
58 9 25.0 1.0
58 10 25.0 1.0
58 11 25.0 1.0
58 12 25.0 1.0
58 13 25.0 1.0
58 14 25.0 1.0
58 15 25.0 1.0
58 16 25.0 1.0
58 17 25.0 1.0
58 18 25.0 1.0
58 19 25.0 1.0
58 20 25.0 1.0
58 21 25.0 1.0
58 22 25.0 1.0
58 23 25.0 1.0
58 24 25.0 1.0
58 25 25.0 1.0
58 26 25.0 1.0
58 27 25.0 1.0
58 28 25.0 1.0
58 29 25.0 1.0
58 30 25.0 1.0
58 31 25.0 1.0
58 32 25.0 1.0
58 33 25.0 1.0
58 34 25.0 1.0
58 35 25.0 1.0
58 36 25.0 1.0
58 37 25.0 1.0
58 38 25.0 1.0
58 39 25.0 1.0
58 40 25.0 1.0
58 41 25.0 1.0
58 42 25.0 1.0
58 43 25.0 1.0
58 44 25.0 1.0
58 45 25.0 1.0
58 46 25.0 1.0
58 47 25.0 1.0
58 48 25.0 1.0
58 49 25.0 1.0
58 50 25.0 1.0
58 51 25.0 1.0
58 52 25.0 1.0
58 53 25.0 1.0
58 54 25.0 1.0
58 55 25.0 1.0
58 56 25.0 1.0
58 57 25.0 1.0
58 58 25.0 1.0
58 59 25.0 1.0
58 60 25.0 1.0
58 61 25.0 1.0
58 62 25.0 1.0
58 63 25.0 1.0
59 0 25.0 1.0
59 1 25.0 1.0
59 2 25.0 1.0
59 3 25.0 1.0
59 4 25.0 1.0
59 5 25.0 1.0
59 6 25.0 1.0
59 7 25.0 1.0
59 8 25.0 1.0
59 9 25.0 1.0
59 10 25.0 1.0
59 11 25.0 1.0
59 12 25.0 1.0
59 13 25.0 1.0
59 14 25.0 1.0
59 15 25.0 1.0
59 16 25.0 1.0
59 17 25.0 1.0
59 18 25.0 1.0
59 19 25.0 1.0
59 20 25.0 1.0
59 21 25.0 1.0
59 22 25.0 1.0
59 23 25.0 1.0
59 24 25.0 1.0
59 25 25.0 1.0
59 26 25.0 1.0
59 27 25.0 1.0
59 28 25.0 1.0
59 29 25.0 1.0
59 30 25.0 1.0
59 31 25.0 1.0
59 32 25.0 1.0
59 33 25.0 1.0
59 34 25.0 1.0
59 35 25.0 1.0
59 36 25.0 1.0
59 37 25.0 1.0
59 38 25.0 1.0
59 39 25.0 1.0
59 40 25.0 1.0
59 41 25.0 1.0
59 42 25.0 1.0
59 43 25.0 1.0
59 44 25.0 1.0
59 45 25.0 1.0
59 46 25.0 1.0
59 47 25.0 1.0
59 48 25.0 1.0
59 49 25.0 1.0
59 50 25.0 1.0
59 51 25.0 1.0
59 52 25.0 1.0
59 53 25.0 1.0
59 54 25.0 1.0
59 55 25.0 1.0
59 56 25.0 1.0
59 57 25.0 1.0
59 58 25.0 1.0
59 59 25.0 1.0
59 60 25.0 1.0
59 61 25.0 1.0
59 62 25.0 1.0
59 63 25.0 1.0
60 0 25.0 1.0
60 1 25.0 1.0
60 2 25.0 1.0
60 3 25.0 1.0
60 4 25.0 1.0
60 5 25.0 1.0
60 6 25.0 1.0
60 7 25.0 1.0
60 8 25.0 1.0
60 9 25.0 1.0
60 10 25.0 1.0
60 11 25.0 1.0
60 12 25.0 1.0
60 13 25.0 1.0
60 14 25.0 1.0
60 15 25.0 1.0
60 16 25.0 1.0
60 17 25.0 1.0
60 18 25.0 1.0
60 19 25.0 1.0
60 20 25.0 1.0
60 21 25.0 1.0
60 22 25.0 1.0
60 23 25.0 1.0
60 24 25.0 1.0
60 25 25.0 1.0
60 26 25.0 1.0
60 27 25.0 1.0
60 28 25.0 1.0
60 29 25.0 1.0
60 30 25.0 1.0
60 31 25.0 1.0
60 32 25.0 1.0
60 33 25.0 1.0
60 34 25.0 1.0
60 35 25.0 1.0
60 36 25.0 1.0
60 37 25.0 1.0
60 38 25.0 1.0
60 39 25.0 1.0
60 40 25.0 1.0
60 41 25.0 1.0
60 42 25.0 1.0
60 43 25.0 1.0
60 44 25.0 1.0
60 45 25.0 1.0
60 46 25.0 1.0
60 47 25.0 1.0
60 48 25.0 1.0
60 49 25.0 1.0
60 50 25.0 1.0
60 51 25.0 1.0
60 52 25.0 1.0
60 53 25.0 1.0
60 54 25.0 1.0
60 55 25.0 1.0
60 56 25.0 1.0
60 57 25.0 1.0
60 58 25.0 1.0
60 59 25.0 1.0
60 60 25.0 1.0
60 61 25.0 1.0
60 62 25.0 1.0
60 63 25.0 1.0
