Cluster	Channel	1pe_code	Rel_sens
1	4	26.99	0.98
1	5	1.21	0.98
1	6	25.4	1.01
1	7	1.47	1.01
1	8	23.03	1.03
1	9	1.15	1.03
1	10	23.03	1.14
1	11	1.26	1.14
1	12	22.28	1.09
1	13	1.06	1.09
1	14	24.25	1.2
1	15	1.07	1.2
1	16	22.47	1.2
1	17	0.99	1.2
1	18	23.01	1.1
1	19	0.99	1.1
1	20	25.73	1.05
1	21	1.86	1.05
1	22	26.04	0.98
1	23	1.11	0.98
1	24	18.47	1.28
1	25	0.84	1.28
1	26	24.36	1.01
1	27	1.06	1.01
1	28	27.32	0.97
1	29	1.26	0.97
1	30	24.04	1.2
1	31	1.57	1.2
1	32	22.99	1.17
1	33	1.14	1.17
1	34	24	1.06
1	35	1.02	1.06
1	36	26.18	0.95
1	37	1.64	0.95
1	38	25.49	1.04
1	39	1.16	1.04
1	40	26.25	0.99
1	41	1.32	0.99
1	42	24.28	1.11
1	43	1.42	1.11
1	44	24.31	1.07
1	45	1.06	1.07
1	46	28.94	1.04
1	47	1.2	1.04
1	48	24.57	1.08
1	49	1.16	1.08
1	50	25.99	1.08
1	51	1.45	1.08
1	52	23.59	1.04
1	53	1.61	1.04
1	54	23.87	1.14
1	55	1.27	1.14
1	56	29.03	0.92
1	57	1.3	0.92
1	58	25.59	1.1
1	59	1.17	1.1
2	4	23.14	1.06
2	5	0.95	1.06
2	6	21.29	1.07
2	7	1.14	1.07
2	8	22.65	1.11
2	9	1.32	1.11
2	10	31.97	1.02
2	11	1.47	1.02
2	12	21.09	1.1
2	13	1.01	1.1
2	14	22.93	1.01
2	15	1.27	1.01
2	16	18.93	1.17
2	17	1.56	1.17
2	18	26.54	0.92
2	19	1.07	0.92
2	20	24.06	1.12
2	21	0.64	1.12
2	22	19.3	1.17
2	23	0.83	1.17
2	24	19.64	1.17
2	25	1.06	1.17
2	26	28.74	0.88
2	27	1.32	0.88
2	28	25.33	1.03
2	29	1.19	1.03
2	30	38.66	1.11
2	31	1.2	1.11
2	32	20.37	1.25
2	33	0.99	1.25
2	34	26.97	1.02
2	35	1.16	1.02
2	36	27.14	0.91
2	37	1.13	0.91
2	38	28.98	1.29
2	39	1.13	1.29
2	40	23.06	1.06
2	41	1.41	1.06
2	42	33.82	1.19
2	43	1.21	1.19
2	44	22.01	1.1
2	45	1.25	1.1
2	46	19.96	1.21
2	47	1.13	1.21
2	48	24.34	1.03
2	49	1.24	1.03
2	50	14.55	1.07
2	51	0.51	1.07
2	52	20.61	1.24
2	53	1.39	1.24
2	54	15.98	1.04
2	55	0.64	1.04
2	56	21.86	1.11
2	57	1.14	1.11
2	58	19.17	1.11
2	59	1.13	1.11
3	4	28.36	0.92
3	5	1.21	0.92
3	6	23.07	1.09
3	7	1.04	1.09
3	8	25.5	1.01
3	9	1.18	1.01
3	10	25.49	1.1
3	11	1.26	1.1
3	12	23.77	1.08
3	13	1.41	1.08
3	14	26.98	1.09
3	15	1.43	1.09
3	16	22.98	1.07
3	17	0.8	1.07
3	18	18.07	1.17
3	19	1.4	1.17
3	20	22.16	1.02
3	21	1.06	1.02
3	22	-1	-1
3	23	-1	-1
3	24	28.11	1
3	25	1.45	1
3	26	21.5	1.17
3	27	1.37	1.17
3	28	23.46	1.08
3	29	1.17	1.08
3	30	30.75	0.91
3	31	1.33	0.91
3	32	22.99	1.09
3	33	1.48	1.09
3	34	23.26	1.15
3	35	1.43	1.15
3	36	26.27	1
3	37	1.21	1
3	38	21.53	1.08
3	39	1.1	1.08
3	40	21.69	1.22
3	41	1.51	1.22
3	42	22.03	1.23
3	43	1.27	1.23
3	44	29.54	0.9
3	45	1.35	0.9
3	46	24.95	1.12
3	47	1.3	1.12
3	48	22.75	1.15
3	49	1.61	1.15
3	50	26.64	1.06
3	51	1.38	1.06
3	52	22.06	1.18
3	53	0.81	1.18
3	54	24.04	1.14
3	55	1.45	1.14
3	56	28.34	1.06
3	57	1.6	1.06
3	58	25.21	1.1
3	59	1.3	1.1
4	4	24.33	0.96
4	5	1.42	0.96
4	6	21.24	1.08
4	7	1.11	1.08
4	8	21.48	1.11
4	9	1.21	1.11
4	10	25.75	1.07
4	11	1.27	1.07
4	12	21.92	1.14
4	13	0.97	1.14
4	14	27.76	0.88
4	15	0.99	0.88
4	16	24.04	1.01
4	17	0.97	1.01
4	18	22.22	1.09
4	19	1.37	1.09
4	20	20.86	1.17
4	21	1.45	1.17
4	22	29.3	0.79
4	23	1.39	0.79
4	24	25.77	0.95
4	25	1.22	0.95
4	26	21.35	1.15
4	27	1.43	1.15
4	28	20.13	1.24
4	29	1.08	1.24
4	30	27.24	1.01
4	31	1.43	1.01
4	32	26.63	0.92
4	33	1.45	0.92
4	34	23.74	1.08
4	35	0.98	1.08
4	36	24.95	1.04
4	37	1.15	1.04
4	38	22.03	1.08
4	39	1.3	1.08
4	40	24.92	1.02
4	41	0.94	1.02
4	42	22.37	1.2
4	43	1.13	1.2
4	44	25.24	0.99
4	45	1.13	0.99
4	46	22.38	1.19
4	47	1.15	1.19
4	48	28.46	0.87
4	49	1.57	0.87
4	50	19.78	1.23
4	51	1.1	1.23
4	52	21.98	1.13
4	53	1.27	1.13
4	54	23.27	1.12
4	55	1.32	1.12
4	56	28.66	0.84
4	57	1.4	0.84
4	58	25.02	1.08
4	59	1.01	1.08
5	4	30.22	1.09
5	5	1.29	1.09
5	6	29.81	1.04
5	7	0.99	1.04
5	8	32.96	0.99
5	9	0.99	0.99
5	10	30.51	1.11
5	11	1.39	1.11
5	12	27.24	1.24
5	13	1.14	1.24
5	14	33.27	0.97
5	15	1.01	0.97
5	16	30.68	1.04
5	17	1.07	1.04
5	18	34.78	0.92
5	19	1.07	0.92
5	20	25.79	1.26
5	21	1.02	1.26
5	22	27.85	1.21
5	23	1.35	1.21
5	24	26.16	1.16
5	25	0.85	1.16
5	26	33.05	0.98
5	27	1.37	0.98
5	28	33.79	0.99
5	29	1.54	0.99
5	30	27.2	1.15
5	31	1.02	1.15
5	32	35.2	0.94
5	33	1.25	0.94
5	34	36.54	0.91
5	35	1.56	0.91
5	36	29.14	1.15
5	37	1	1.15
5	38	29	1.12
5	39	1.54	1.12
5	40	32	1.06
5	41	1.15	1.06
5	42	33.09	1.04
5	43	1.77	1.04
5	44	31.21	1.06
5	45	0.97	1.06
5	46	34.61	1.01
5	47	0.97	1.01
5	48	30.63	1.01
5	49	1.08	1.01
5	50	25.48	1.28
5	51	0.91	1.28
5	52	31.1	1.11
5	53	0.96	1.11
5	54	32.55	1.1
5	55	0.89	1.1
5	56	29.71	1.06
5	57	1.46	1.06
5	58	30.95	1.14
5	59	1.11	1.14
6	4	31.15	0.97
6	5	1.06	0.97
6	6	28.24	1.05
6	7	1.21	1.05
6	8	29.68	1.06
6	9	1.1	1.06
6	10	25.85	1.19
6	11	1.24	1.19
6	12	24.36	1.15
6	13	1.01	1.15
6	14	27.68	1.09
6	15	1.55	1.09
6	16	84.01	0.66
6	17	1.79	0.66
6	18	29.89	1.1
6	19	1.17	1.1
6	20	26.09	1.09
6	21	1.27	1.09
6	22	28.79	1.03
6	23	1.46	1.03
6	24	25.1	1.19
6	25	1.11	1.19
6	26	24.28	1.1
6	27	1.28	1.1
6	28	27.14	1.14
6	29	1.12	1.14
6	30	26.92	1.06
6	31	1.33	1.06
6	32	28.59	0.99
6	33	1.17	0.99
6	34	33.15	0.88
6	35	1.26	0.88
6	36	33.56	0.82
6	37	1.15	0.82
6	38	27.01	1.04
6	39	1.41	1.04
6	40	26.75	1.03
6	41	1.28	1.03
6	42	26.03	1.05
6	43	1.23	1.05
6	44	26.62	0.96
6	45	1.23	0.96
6	46	28.81	1
6	47	1.24	1
6	48	24.74	1.19
6	49	1.19	1.19
6	50	22.71	1.15
6	51	0.95	1.15
6	52	26.5	1.11
6	53	1.44	1.11
6	54	25.2	1.07
6	55	1.21	1.07
6	56	28.41	1.05
6	57	1.19	1.05
6	58	29.74	1
6	59	1	1
7	4	26.28	1.05
7	5	1.4	1.05
7	6	26.3	0.98
7	7	1.86	0.98
7	8	26.63	1.09
7	9	1.38	1.09
7	10	26.38	1
7	11	1.43	1
7	12	26.91	0.99
7	13	0.91	0.99
7	14	24.67	0.99
7	15	1.16	0.99
7	16	28.66	0.93
7	17	1.24	0.93
7	18	31.89	0.81
7	19	1.52	0.81
7	20	22.31	1.2
7	21	1.3	1.2
7	22	28.08	0.97
7	23	1.39	0.97
7	24	23.78	1.16
7	25	1.3	1.16
7	26	27.75	0.96
7	27	1.14	0.96
7	28	23.51	1.2
7	29	1.4	1.2
7	30	28.99	1.06
7	31	1.42	1.06
7	32	27.66	1.01
7	33	1.31	1.01
7	34	27.48	0.88
7	35	1.31	0.88
7	36	27.44	0.9
7	37	1.7	0.9
7	38	23.49	1.07
7	39	1.31	1.07
7	40	23.91	1.14
7	41	1.33	1.14
7	42	27.99	0.9
7	43	1.44	0.9
7	44	25.04	1.11
7	45	1.07	1.11
7	46	27.47	1.07
7	47	1.09	1.07
7	48	26.91	1.07
7	49	1.13	1.07
7	50	24.41	1.17
7	51	1.26	1.17
7	52	23.9	1.13
7	53	2.04	1.13
7	54	22.12	1.23
7	55	1.13	1.23
7	56	30.51	0.93
7	57	1.29	0.93
7	58	38.19	0.68
7	59	1.46	0.68
8	4	28.37	1.12
8	5	1.23	1.12
8	6	29.03	1.08
8	7	1.32	1.08
8	8	27.24	1.04
8	9	1.15	1.04
8	10	30.6	0.98
8	11	1.44	0.98
8	12	27.64	1.11
8	13	1.5	1.11
8	14	25.85	1.07
8	15	1.21	1.07
8	16	33.27	0.88
8	17	1.56	0.88
8	18	28.39	0.99
8	19	1.79	0.99
8	20	29.56	1.03
8	21	1.11	1.03
8	22	31.31	0.96
8	23	0.95	0.96
8	24	32.22	0.99
8	25	1.39	0.99
8	26	28.46	1.09
8	27	1	1.09
8	28	25.64	1.17
8	29	1.21	1.17
8	30	30.51	0.97
8	31	1.21	0.97
8	32	25.74	1.13
8	33	1.24	1.13
8	34	32.9	0.92
8	35	1.37	0.92
8	36	28.36	1.03
8	37	1.58	1.03
8	38	27.23	1.1
8	39	1.39	1.1
8	40	24.61	1.25
8	41	0.9	1.25
8	42	35.01	0.81
8	43	0.99	0.81
8	44	29.94	0.95
8	45	1.51	0.95
8	46	27.5	1.17
8	47	1.23	1.17
8	48	28.78	1.03
8	49	1.41	1.03
8	50	27.55	1.01
8	51	0.74	1.01
8	52	24.4	1.21
8	53	1.19	1.21
8	54	30.15	1.06
8	55	1.33	1.06
8	56	29.88	1.04
8	57	1.01	1.04
8	58	34.81	0.92
8	59	1.62	0.92
9	4	29.96	0.99
9	5	1.25	0.99
9	6	30.37	0.98
9	7	0.83	0.98
9	8	28.84	1.09
9	9	1.34	1.09
9	10	25.87	1.17
9	11	1.44	1.17
9	12	28.05	1.05
9	13	1.36	1.05
9	14	27.05	1.13
9	15	1.77	1.13
9	16	29.15	0.98
9	17	1.31	0.98
9	18	29.23	0.96
9	19	1.75	0.96
9	20	28.38	1.02
9	21	1.12	1.02
9	22	27.11	1.02
9	23	1.27	1.02
9	24	27.56	1.08
9	25	1.26	1.08
9	26	24.99	1.15
9	27	1.09	1.15
9	28	24.69	1.11
9	29	0.8	1.11
9	30	29.42	1.05
9	31	1.22	1.05
9	32	37.05	0.8
9	33	1.23	0.8
9	34	31.42	0.96
9	35	1.32	0.96
9	36	32.91	0.91
9	37	1.35	0.91
9	38	24.48	1.11
9	39	1.1	1.11
9	40	27.33	1.01
9	41	1.25	1.01
9	42	28.38	0.94
9	43	1.19	0.94
9	44	33.27	0.92
9	45	1.28	0.92
9	46	36.29	0.85
9	47	1.63	0.85
9	48	31.08	0.98
9	49	1.04	0.98
9	50	29.47	0.97
9	51	1.35	0.97
9	52	29.45	1.04
9	53	1.14	1.04
9	54	29.96	0.98
9	55	1.02	0.98
9	56	32.65	0.86
9	57	1.27	0.86
9	58	37.13	0.87
9	59	1.61	0.87
10	4	38.25	0.83
10	5	1.5	0.83
10	6	28.38	0.99
10	7	0.99	0.99
10	8	30.22	0.93
10	9	1.46	0.93
10	10	27.57	1.12
10	11	1.68	1.12
10	12	31.89	0.92
10	13	1.23	0.92
10	14	27.18	1.03
10	15	1.2	1.03
10	16	24.68	1.19
10	17	1.87	1.19
10	18	29.94	0.97
10	19	1.84	0.97
10	20	29.48	1.04
10	21	1.41	1.04
10	22	38.7	0.79
10	23	1.11	0.79
10	24	26.66	1.08
10	25	1.2	1.08
10	26	24.53	1.23
10	27	1.18	1.23
10	28	43.02	0.69
10	29	1.48	0.69
10	30	28.12	1.06
10	31	1.37	1.06
10	32	33.01	0.93
10	33	1.43	0.93
10	34	40.34	0.73
10	35	1.66	0.73
10	36	29.56	1
10	37	1.16	1
10	38	32.6	0.83
10	39	1.74	0.83
10	40	30.36	1.08
10	41	1.31	1.08
10	42	27.09	1.11
10	43	1.09	1.11
10	44	38.33	0.84
10	45	1.49	0.84
10	46	37.65	0.98
10	47	2	0.98
10	48	29.27	1.13
10	49	1.46	1.13
10	50	38.36	0.84
10	51	1.93	0.84
10	52	44.26	0.69
10	53	2.1	0.69
10	54	34.02	0.93
10	55	1.52	0.93
10	56	34.64	0.94
10	57	1.44	0.94
10	58	35.2	0.9
10	59	1.43	0.9
11	4	30.14	0.95
11	5	1.36	0.95
11	6	28.54	0.97
11	7	1.64	0.97
11	8	32.14	0.9
11	9	1.44	0.9
11	10	30.23	0.87
11	11	1.85	0.87
11	12	34.33	0.84
11	13	1.52	0.84
11	14	34.73	0.7
11	15	1.87	0.7
11	16	25.41	1.17
11	17	1.24	1.17
11	18	28.11	0.9
11	19	1.63	0.9
11	20	28.14	1.02
11	21	1.48	1.02
11	22	26.45	1.04
11	23	1.36	1.04
11	24	30.7	1
11	25	1.37	1
11	26	36.87	0.75
11	27	2.12	0.75
11	28	24.98	1.09
11	29	1.78	1.09
11	30	31.53	0.92
11	31	1.42	0.92
11	32	25.36	1.01
11	33	1.33	1.01
11	34	24.37	1.09
11	35	1.46	1.09
11	36	26.65	1.05
11	37	1.64	1.05
11	38	33.73	0.8
11	39	1.69	0.8
11	40	22.76	1.15
11	41	1.27	1.15
11	42	27.12	1.02
11	43	1.56	1.02
11	44	26.17	1.1
11	45	1.15	1.1
11	46	27.73	1.03
11	47	1.65	1.03
11	48	27.37	1.05
11	49	1.53	1.05
11	50	32.02	0.96
11	51	1.91	0.96
11	52	22.06	1.22
11	53	1.49	1.22
11	54	25.36	1
11	55	2.06	1
11	56	31	0.95
11	57	1.59	0.95
11	58	28.86	0.99
11	59	1.36	0.99
12	4	25.92	1
12	5	1.11	1
12	6	27.23	0.86
12	7	1.6	0.86
12	8	23.96	1.06
12	9	1.27	1.06
12	10	27.7	0.88
12	11	1.49	0.88
12	12	31.46	0.84
12	13	1.09	0.84
12	14	34.45	1.08
12	15	1.96	1.08
12	16	24.92	1.08
12	17	1.12	1.08
12	18	28.06	0.99
12	19	1.47	0.99
12	20	23.19	1.2
12	21	1.41	1.2
12	22	23.08	0.78
12	23	1.1	0.78
12	24	26.71	0.89
12	25	1.33	0.89
12	26	27.62	0.86
12	27	1.48	0.86
12	28	29.94	0.89
12	29	1.45	0.89
12	30	28.5	1.04
12	31	1.35	1.04
12	32	32.43	0.97
12	33	1.66	0.97
12	34	34.8	0.83
12	35	1.66	0.83
12	36	31.68	0.98
12	37	1.7	0.98
12	38	26.34	0.98
12	39	1.53	0.98
12	40	26.12	1.16
12	41	1.34	1.16
12	42	21.85	1.09
12	43	1	1.09
12	44	30.11	1.04
12	45	1.38	1.04
12	46	49.7	0.61
12	47	2.33	0.61
12	48	32.98	0.9
12	49	1.92	0.9
12	50	26.55	1.12
12	51	1.4	1.12
12	52	25.97	1.02
12	53	1.19	1.02
12	54	28.15	0.91
12	55	1.19	0.91
12	56	33.96	1
12	57	1.1	1
12	58	30.58	0.76
12	59	1.69	0.76
13	4	42.39	0.81
13	5	1.32	0.81
13	6	33.88	1.07
13	7	1.06	1.07
13	8	30.95	1.06
13	9	1.15	1.06
13	10	29.65	1.21
13	11	1.23	1.21
13	12	34.22	0.95
13	13	1.48	0.95
13	14	31.2	1.07
13	15	1.13	1.07
13	16	33.81	0.96
13	17	2.26	0.96
13	18	30.93	0.99
13	19	1.5	0.99
13	20	46.99	0.63
13	21	1.77	0.63
13	22	33.69	0.98
13	23	1.56	0.98
13	24	33.02	0.93
13	25	1.57	0.93
13	26	26.37	1.19
13	27	1.01	1.19
13	28	31.12	1.05
13	29	1.35	1.05
13	30	36.41	0.91
13	31	1.76	0.91
13	32	38.01	0.8
13	33	1.46	0.8
13	34	32.96	1.04
13	35	1.14	1.04
13	36	35.85	0.88
13	37	1.45	0.88
13	38	30.48	1.01
13	39	1.27	1.01
13	40	24.96	1.12
13	41	1.13	1.12
13	42	33.23	0.96
13	43	1.51	0.96
13	44	27.04	1.08
13	45	1.11	1.08
13	46	33.66	0.95
13	47	1.34	0.95
13	48	31.25	1.01
13	49	1.6	1.01
13	50	31.28	0.97
13	51	1.17	0.97
13	52	35.48	0.86
13	53	1.32	0.86
13	54	33.01	0.89
13	55	1.35	0.89
13	56	40.42	0.66
13	57	2.3	0.66
13	58	37.73	0.79
13	59	1.51	0.79
14	4	34.18	0.87
14	5	1.95	0.87
14	6	34.7	0.8
14	7	1.61	0.8
14	8	29.99	0.94
14	9	1.73	0.94
14	10	30.12	0.95
14	11	1.29	0.95
14	12	33.63	0.83
14	13	1.7	0.83
14	14	34.17	0.87
14	15	1.55	0.87
14	16	29.72	0.95
14	17	1.39	0.95
14	18	25.9	1.08
14	19	1.16	1.08
14	20	29.1	0.96
14	21	1.16	0.96
14	22	32.91	0.91
14	23	1.92	0.91
14	24	29.49	1.01
14	25	1.56	1.01
14	26	31.81	1.03
14	27	1.99	1.03
14	28	28.57	1
14	29	1.53	1
14	30	31.18	0.93
14	31	1.3	0.93
14	32	30.8	0.9
14	33	1.64	0.9
14	34	36.2	0.88
14	35	1.59	0.88
14	36	25.92	1.14
14	37	1.47	1.14
14	38	34.36	0.79
14	39	1.45	0.79
14	40	24.78	1.14
14	41	1.22	1.14
14	42	41.43	0.65
14	43	1.19	0.65
14	44	26.85	1.09
14	45	1.05	1.09
14	46	35.24	0.78
14	47	1.33	0.78
14	48	36.14	0.89
14	49	1.97	0.89
14	50	38.23	0.74
14	51	1.75	0.74
14	52	29.69	1.08
14	53	1.57	1.08
14	54	25.72	1.13
14	55	1.14	1.13
14	56	26.14	1.2
14	57	1.01	1.2
14	58	27.8	1.1
14	59	1.09	1.1
15	4	35.21	0.83
15	5	1.5	0.83
15	6	39.36	0.64
15	7	2.08	0.64
15	8	31.68	0.81
15	9	1.38	0.81
15	10	36.01	0.71
15	11	1.86	0.71
15	12	33.18	0.77
15	13	1.64	0.77
15	14	31.4	0.83
15	15	1.68	0.83
15	16	29.48	0.86
15	17	1.73	0.86
15	18	27.33	0.91
15	19	1.48	0.91
15	20	39.3	0.7
15	21	1.71	0.7
15	22	33.76	0.72
15	23	2.15	0.72
15	24	31.24	0.78
15	25	1.51	0.78
15	26	25.03	1.02
15	27	1.35	1.02
15	28	29.26	0.91
15	29	1.64	0.91
15	30	29.63	0.87
15	31	1.29	0.87
15	32	46.08	0.63
15	33	1.77	0.63
15	34	36.75	0.69
15	35	1.85	0.69
15	36	29.31	0.87
15	37	1.64	0.87
15	38	26.69	1.05
15	39	1.22	1.05
15	40	25.53	0.96
15	41	1.03	0.96
15	42	26.34	1.04
15	43	1.92	1.04
15	44	29.42	0.86
15	45	1.79	0.86
15	46	25.55	1
15	47	1.32	1
15	48	30.96	0.85
15	49	1.45	0.85
15	50	34.59	0.8
15	51	1.61	0.8
15	52	30.41	0.84
15	53	1.69	0.84
15	54	26.2	1.02
15	55	1.11	1.02
15	56	35.32	0.74
15	57	1.73	0.74
15	58	26.92	0.91
15	59	1.55	0.91
16	4	29.91	1.04
16	5	1.02	1.04
16	6	28.79	1.18
16	7	0.91	1.18
16	8	26.1	1.13
16	9	1.13	1.13
16	10	27.28	1.09
16	11	1.09	1.09
16	12	28.96	1.13
16	13	1.28	1.13
16	14	28.79	1.11
16	15	0.72	1.11
16	16	28.13	1.13
16	17	1.15	1.13
16	18	25.89	1.24
16	19	1.21	1.24
16	20	24.53	1.27
16	21	1.1	1.27
16	22	25.52	1.28
16	23	1.21	1.28
16	24	24.96	1.15
16	25	1.11	1.15
16	26	25.69	1.19
16	27	1.26	1.19
16	28	31.62	1.03
16	29	0.87	1.03
16	30	23.32	1.17
16	31	0.97	1.17
16	32	28.67	1.01
16	33	0.83	1.01
16	34	34.08	0.89
16	35	1.07	0.89
16	36	30.36	1.01
16	37	1.31	1.01
16	38	34.45	0.87
16	39	1.19	0.87
16	40	29.14	0.98
16	41	0.76	0.98
16	42	30.84	0.97
16	43	0.99	0.97
16	44	24.79	1.23
16	45	1.03	1.23
16	46	26.85	1.1
16	47	0.87	1.1
16	48	32.6	0.95
16	49	1.52	0.95
16	50	25.45	1.15
16	51	0.95	1.15
16	52	25.89	1.16
16	53	0.99	1.16
16	54	24.47	1.19
16	55	0.88	1.19
16	56	41.08	0.75
16	57	0.97	0.75
16	58	31.87	0.98
16	59	1.3	0.98
17	6	26.61	0.88
17	7	1.43	0.88
17	10	27.86	0.84
17	11	1.48	0.84
17	14	42.92	0.56
17	15	2.74	0.56
17	18	22.02	1.02
17	19	1.26	1.02
17	22	26.25	0.87
17	23	1.55	0.87
17	26	26.07	0.85
17	27	1.64	0.85
17	30	25.98	0.88
17	31	1.45	0.88
17	32	39.11	0.67
17	33	2.07	0.67
17	34	26.36	0.84
17	35	1.72	0.84
17	36	26.68	0.93
17	37	1.65	0.93
17	38	28.64	0.88
17	39	1.52	0.88
17	40	32.85	0.77
17	41	1.19	0.77
17	42	29.68	0.82
17	43	1.47	0.82
17	44	34.27	0.75
17	45	2.08	0.75
17	46	21.94	1.1
17	47	1.84	1.1
17	48	23.83	1.05
17	49	1.59	1.05
17	50	37.47	0.67
17	51	2.3	0.67
17	52	35.69	0.73
17	53	2.32	0.73
17	54	31.82	0.72
17	55	1.54	0.72
17	56	35.09	0.76
17	57	1.79	0.76
17	58	28.87	0.82
17	59	1.62	0.82
18	6	27.55	0.92
18	7	1.54	0.92
18	10	33.15	0.79
18	11	2.3	0.79
18	14	32.27	0.74
18	15	2.22	0.74
18	18	23.56	1.06
18	19	1.61	1.06
18	22	19.63	1.17
18	23	1.47	1.17
18	26	37.37	0.66
18	27	3.13	0.66
18	30	30.49	0.73
18	31	1.87	0.73
18	32	25.05	0.9
18	33	1.6	0.9
18	34	21.81	1.11
18	35	1.13	1.11
18	36	25.52	0.98
18	37	1.5	0.98
18	38	21.93	1.02
18	39	1.3	1.02
18	40	27.67	0.9
18	41	1.48	0.9
18	42	20.86	1.13
18	43	2.01	1.13
18	44	21.18	1.14
18	45	2.2	1.14
18	46	22.62	0.98
18	47	1.11	0.98
18	48	25.82	0.91
18	49	1.86	0.91
18	50	28.01	0.78
18	51	1.43	0.78
18	52	26.3	0.97
18	53	1.27	0.97
18	54	30.46	0.76
18	55	1.94	0.76
18	56	23.64	1.03
18	57	1.46	1.03
18	58	27.1	0.86
18	59	1.67	0.86
19	4	30.72	0.66
19	5	1.46	0.66
19	6	22.79	0.88
19	7	1.42	0.88
19	8	21.18	0.65
19	9	1.03	0.65
19	10	32.1	0.62
19	11	0.91	0.62
19	12	21.43	0.72
19	13	0.85	0.72
19	14	21.32	0.92
19	15	0.97	0.92
19	16	31.31	0.65
19	17	1.24	0.65
19	18	25.6	0.77
19	19	1.17	0.77
19	20	30.03	0.8
19	21	1.15	0.8
19	22	30.94	0.61
19	23	1.24	0.61
19	24	28.44	0.7
19	25	1.11	0.7
19	26	40.15	0.78
19	27	1.11	0.78
19	28	25	0.69
19	29	1.33	0.69
19	30	28.03	0.7
19	31	1.01	0.7
19	32	23.46	0.92
19	33	1.15	0.92
19	36	17.97	1.1
19	37	1.26	1.1
19	40	28.51	0.77
19	41	1.45	0.77
19	44	36.23	0.63
19	45	1.11	0.63
19	48	38.36	0.6
19	49	1.54	0.6
19	52	37.22	0.76
19	53	1.09	0.76
19	56	31.84	0.67
19	57	1.13	0.67
20	4	24.08	0.8
20	5	1.12	0.8
20	8	32.27	0.6
20	9	1.64	0.6
20	12	30.42	0.65
20	13	1.32	0.65
20	16	32.03	0.57
20	17	1.96	0.57
20	20	30.72	0.59
20	21	1.51	0.59
20	24	18.18	0.99
20	25	0.97	0.99
20	28	20.22	0.98
20	29	0.96	0.98
20	32	26.48	0.76
20	33	2.41	0.76
20	34	24.39	0.78
20	35	1.04	0.78
20	36	30.99	0.6
20	37	1.37	0.6
20	38	29.25	0.62
20	39	1.35	0.62
20	40	45.63	0.42
20	41	1.97	0.42
20	42	19.49	1.03
20	43	0.88	1.03
20	44	27.17	0.71
20	45	0.96	0.71
20	46	24.42	0.78
20	47	1.26	0.78
20	48	28.33	0.67
20	49	1.41	0.67
20	50	23.63	0.77
20	51	0.95	0.77
20	52	32.08	0.61
20	53	1.26	0.61
20	54	26.2	0.77
20	55	0.87	0.77
20	56	25.65	0.78
20	57	0.73	0.78
20	58	22.39	0.86
20	59	0.96	0.86
21	6	24.13	0.96
21	7	1.32	0.96
21	10	22.88	0.99
21	11	1.13	0.99
21	14	26.28	0.99
21	15	2.06	0.99
21	18	26.71	0.9
21	19	1.55	0.9
21	22	22	1.08
21	23	1.3	1.08
21	26	23.06	1.15
21	27	1.32	1.15
21	30	21.42	1.06
21	31	1.43	1.06
21	32	33.25	0.6
21	33	2.29	0.6
21	34	28.93	0.77
21	35	2.22	0.77
21	36	34.5	0.65
21	37	2.18	0.65
21	38	34.59	0.71
21	39	1.87	0.71
21	40	33.69	0.69
21	41	1.78	0.69
21	42	44.17	0.56
21	43	2.48	0.56
21	44	29.51	0.81
21	45	1.53	0.81
21	46	28.45	0.87
21	47	1.8	0.87
21	48	43.22	0.52
21	49	1.77	0.52
21	50	40.11	0.57
21	51	2.09	0.57
21	52	34.23	0.7
21	53	2.12	0.7
21	54	36.49	0.65
21	55	1.5	0.65
21	56	35.44	0.67
21	57	1.93	0.67
21	58	41.5	0.6
21	59	1.77	0.6