-10 0
0	2
10	71
20	498
27	727
28	750
29	772
30	791
31	803
32	824
33	830
34	841
35	850
36	857
37	862
38	866
39	867
40	868
41	864
42	859
43	854
44	846
45	838
46	828
47	817
48	804
49	790
50	775
51	762
60	596
70	401
80	222
90	78
100	-35
110	-124
120	-191
130	-227
140	-250
150	-256
160	-258
170	-252
180	-248
190	-236
200	-220
210	-202
220	-187
230	-171
240	-157
250	-136
260	-125
270	-109
280	-100
290	-88
300	-78
310	-68
320	-62
330	-51
340	-50
350	-40
360	-35
370	-29
380	-26
390	-25
400	-22
420	-18
440	-14
460	-8
480	-8
500	-7
540	-4
560	-4
600	-1
640	-3
