1 1 280 -11.0 -1.7320508075688772 4 5 2
1 2 280 -10.0 0.0 6 7 3
1 3 280 -9.0 -1.7320508075688772 8 9 4
1 4 280 -8.0 0.0 10 11 5
1 5 280 -9.0 1.7320508075688772 12 13 6
1 6 280 -8.0 3.4641016151377544 14 15 7
1 7 280 -7.0 -1.7320508075688772 16 17 8
1 8 280 -6.0 0.0 18 19 9
1 9 280 -7.0 1.7320508075688772 20 21 10
1 10 280 -6.0 3.4641016151377544 22 23 11
1 11 280 -5.0 -1.7320508075688772 24 25 12
1 12 280 -4.0 0.0 26 27 13
1 13 280 -5.0 1.7320508075688772 28 29 14
1 14 280 -4.0 3.4641016151377544 30 31 15
1 15 280 -3.0 -1.7320508075688772 32 33 16
1 16 280 -2.0 0.0 34 35 17
1 17 280 -3.0 1.7320508075688772 36 37 18
1 18 280 -2.0 3.4641016151377544 38 39 19
1 19 280 -1.0 -1.7320508075688772 40 41 20
1 20 280 0.0 0.0 42 43 21
1 21 280 -1.0 1.7320508075688772 44 45 22
1 22 280 0.0 3.4641016151377544 46 47 23
1 23 280 1.0 -1.7320508075688772 48 49 24
1 24 280 2.0 0.0 50 51 25
1 25 280 1.0 1.7320508075688772 52 53 26
1 26 280 2.0 3.4641016151377544 54 55 27
1 27 280 3.0 1.7320508075688772 56 57 28
1 28 280 4.0 3.4641016151377544 58 59 29
2 1 280 -39.0 12.12435565298214 4 5 2
2 2 280 -38.0 13.856406460551018 6 7 3
2 3 280 -37.0 12.12435565298214 8 9 4
2 4 280 -36.0 13.856406460551018 10 11 5
2 5 280 -37.0 15.588457268119896 12 13 6
2 6 280 -36.0 17.32050807568877 14 15 7
2 7 280 -35.0 12.12435565298214 16 17 8
2 8 280 -34.0 13.856406460551018 18 19 9
2 9 280 -35.0 15.588457268119896 20 21 10
2 10 280 -34.0 17.32050807568877 22 23 11
2 11 280 -33.0 12.12435565298214 24 25 12
2 12 280 -32.0 13.856406460551018 26 27 13
2 13 280 -33.0 15.588457268119896 28 29 14
2 14 280 -32.0 17.32050807568877 30 31 15
2 15 280 -31.0 15.588457268119896 32 33 16
2 16 280 -30.0 17.32050807568877 34 35 17
3 1 280 -35.0 19.05255888325765 4 5 2
3 2 280 -34.0 20.784609690826525 6 7 3
3 3 280 -33.0 19.05255888325765 8 9 4
3 4 280 -32.0 20.784609690826525 10 11 5
3 5 280 -33.0 22.516660498395403 12 13 6
3 6 280 -32.0 24.24871130596428 14 15 7
3 7 280 -31.0 19.05255888325765 16 17 8
3 8 280 -30.0 20.784609690826525 18 19 9
3 9 280 -31.0 22.516660498395403 20 21 10
3 10 280 -30.0 24.24871130596428 22 23 11
3 11 280 -29.0 19.05255888325765 24 25 12
3 12 280 -28.0 20.784609690826525 26 27 13
3 13 280 -29.0 22.516660498395403 28 29 14
3 14 280 -28.0 24.24871130596428 30 31 15
3 15 280 -27.0 22.516660498395403 32 33 16
3 16 280 -26.0 24.24871130596428 34 35 17
4 1 280 -31.0 25.98076211353316 4 5 2
4 2 280 -30.0 27.712812921102035 6 7 3
4 3 280 -29.0 25.98076211353316 8 9 4
4 4 280 -28.0 27.712812921102035 10 11 5
4 5 280 -29.0 29.444863728670914 12 13 6
4 6 280 -27.0 25.98076211353316 14 15 7
4 7 280 -26.0 27.712812921102035 16 17 8
4 8 280 -27.0 29.444863728670914 18 19 9
4 9 280 -26.0 31.176914536239792 20 21 10
4 10 280 -25.0 25.98076211353316 22 23 11
4 11 280 -24.0 27.712812921102035 24 25 12
4 12 280 -25.0 29.444863728670914 26 27 13
4 13 280 -24.0 31.176914536239792 28 29 14
4 14 280 -23.0 29.444863728670914 30 31 15
4 15 280 -22.0 31.176914536239792 32 33 16
5 1 280 -40.0 -10.392304845413262 4 5 2
5 2 280 -38.0 -13.856406460551018 6 7 3
5 3 280 -39.0 -12.12435565298214 8 9 4
5 4 280 -38.0 -10.392304845413262 10 11 5
5 5 280 -37.0 -15.588457268119896 12 13 6
5 6 280 -36.0 -13.856406460551018 14 15 7
5 7 280 -37.0 -12.12435565298214 16 17 8
5 8 280 -36.0 -10.392304845413262 18 19 9
5 9 280 -35.0 -15.588457268119896 20 21 10
5 10 280 -34.0 -13.856406460551018 22 23 11
5 11 280 -35.0 -12.12435565298214 24 25 12
5 12 280 -34.0 -10.392304845413262 26 27 13
5 13 280 -33.0 -12.12435565298214 28 29 14
5 14 280 -32.0 -10.392304845413262 30 31 15
6 1 280 -40.0 -6.928203230275509 4 5 2
6 2 280 -41.0 -5.196152422706631 6 7 3
6 3 280 -40.0 -3.4641016151377544 8 9 4
6 4 280 -39.0 -8.660254037844386 10 11 5
6 5 280 -38.0 -6.928203230275509 12 13 6
6 6 280 -39.0 -5.196152422706631 14 15 7
6 7 280 -38.0 -3.4641016151377544 16 17 8
6 8 280 -37.0 -8.660254037844386 18 19 9
6 9 280 -36.0 -6.928203230275509 20 21 10
6 10 280 -37.0 -5.196152422706631 22 23 11
6 11 280 -36.0 -3.4641016151377544 24 25 12
6 12 280 -35.0 -8.660254037844386 26 27 13
6 13 280 -34.0 -6.928203230275509 28 29 14
6 14 280 -35.0 -5.196152422706631 30 31 15
6 15 280 -34.0 -3.4641016151377544 32 33 16
6 16 280 -33.0 -8.660254037844386 34 35 17
6 17 280 -32.0 -6.928203230275509 36 37 18
6 18 280 -33.0 -5.196152422706631 38 39 19
6 19 280 -32.0 -3.4641016151377544 40 41 20
6 20 280 -31.0 -8.660254037844386 42 43 21
6 21 280 -30.0 -6.928203230275509 44 45 22
6 22 280 -31.0 -5.196152422706631 46 47 23
6 23 280 -30.0 -3.4641016151377544 48 49 24
6 24 280 -29.0 -5.196152422706631 50 51 25
6 25 280 -28.0 -3.4641016151377544 52 53 26
7 1 280 -39.0 -1.7320508075688772 4 5 2
7 2 280 -38.0 0.0 6 7 3
7 3 280 -37.0 -1.7320508075688772 8 9 4
7 4 280 -36.0 0.0 10 11 5
7 5 280 -37.0 1.7320508075688772 12 13 6
7 6 280 -36.0 3.4641016151377544 14 15 7
7 7 280 -35.0 -1.7320508075688772 16 17 8
7 8 280 -34.0 0.0 18 19 9
7 9 280 -35.0 1.7320508075688772 20 21 10
7 10 280 -34.0 3.4641016151377544 22 23 11
7 11 280 -33.0 -1.7320508075688772 24 25 12
7 12 280 -32.0 0.0 26 27 13
7 13 280 -33.0 1.7320508075688772 28 29 14
7 14 280 -32.0 3.4641016151377544 30 31 15
7 15 280 -31.0 -1.7320508075688772 32 33 16
7 16 280 -30.0 0.0 34 35 17
7 17 280 -31.0 1.7320508075688772 36 37 18
7 18 280 -30.0 3.4641016151377544 38 39 19
7 19 280 -29.0 -1.7320508075688772 40 41 20
7 20 280 -28.0 0.0 42 43 21
7 21 280 -29.0 1.7320508075688772 44 45 22
7 22 280 -28.0 3.4641016151377544 46 47 23
7 23 280 -27.0 -1.7320508075688772 48 49 24
7 24 280 -26.0 0.0 50 51 25
7 25 280 -27.0 1.7320508075688772 52 53 26
7 26 280 -26.0 3.4641016151377544 54 55 27
7 27 280 -25.0 1.7320508075688772 56 57 28
7 28 280 -24.0 3.4641016151377544 58 59 29
8 1 280 -35.0 5.196152422706631 4 5 2
8 2 280 -34.0 6.928203230275509 6 7 3
8 3 280 -33.0 5.196152422706631 8 9 4
8 4 280 -32.0 6.928203230275509 10 11 5
8 5 280 -33.0 8.660254037844386 12 13 6
8 6 280 -32.0 10.392304845413262 14 15 7
8 7 280 -31.0 5.196152422706631 16 17 8
8 8 280 -30.0 6.928203230275509 18 19 9
8 9 280 -31.0 8.660254037844386 20 21 10
8 10 280 -30.0 10.392304845413262 22 23 11
8 11 280 -29.0 5.196152422706631 24 25 12
8 12 280 -28.0 6.928203230275509 26 27 13
8 13 280 -29.0 8.660254037844386 28 29 14
8 14 280 -28.0 10.392304845413262 30 31 15
8 15 280 -27.0 5.196152422706631 32 33 16
8 16 280 -26.0 6.928203230275509 34 35 17
8 17 280 -27.0 8.660254037844386 36 37 18
8 18 280 -26.0 10.392304845413262 38 39 19
8 19 280 -25.0 5.196152422706631 40 41 20
8 20 280 -24.0 6.928203230275509 42 43 21
8 21 280 -25.0 8.660254037844386 44 45 22
8 22 280 -24.0 10.392304845413262 46 47 23
8 23 280 -23.0 5.196152422706631 48 49 24
8 24 280 -22.0 6.928203230275509 50 51 25
8 25 280 -23.0 8.660254037844386 52 53 26
8 26 280 -22.0 10.392304845413262 54 55 27
8 27 280 -21.0 8.660254037844386 56 57 28
8 28 280 -20.0 10.392304845413262 58 59 29
9 1 280 -31.0 12.12435565298214 4 5 2
9 2 280 -30.0 13.856406460551018 6 7 3
9 3 280 -29.0 12.12435565298214 8 9 4
9 4 280 -28.0 13.856406460551018 10 11 5
9 5 280 -29.0 15.588457268119896 12 13 6
9 6 280 -28.0 17.32050807568877 14 15 7
9 7 280 -27.0 12.12435565298214 16 17 8
9 8 280 -26.0 13.856406460551018 18 19 9
9 9 280 -27.0 15.588457268119896 20 21 10
9 10 280 -26.0 17.32050807568877 22 23 11
9 11 280 -25.0 12.12435565298214 24 25 12
9 12 280 -24.0 13.856406460551018 26 27 13
9 13 280 -25.0 15.588457268119896 28 29 14
9 14 280 -24.0 17.32050807568877 30 31 15
9 15 280 -23.0 12.12435565298214 32 33 16
9 16 280 -22.0 13.856406460551018 34 35 17
9 17 280 -23.0 15.588457268119896 36 37 18
9 18 280 -22.0 17.32050807568877 38 39 19
9 19 280 -21.0 12.12435565298214 40 41 20
9 20 280 -20.0 13.856406460551018 42 43 21
9 21 280 -21.0 15.588457268119896 44 45 22
9 22 280 -20.0 17.32050807568877 46 47 23
9 23 280 -19.0 12.12435565298214 48 49 24
9 24 280 -18.0 13.856406460551018 50 51 25
9 25 280 -19.0 15.588457268119896 52 53 26
9 26 280 -18.0 17.32050807568877 54 55 27
9 27 280 -17.0 15.588457268119896 56 57 28
9 28 280 -16.0 17.32050807568877 58 59 29
10 1 280 -27.0 19.05255888325765 4 5 2
10 2 280 -26.0 20.784609690826525 6 7 3
10 3 280 -25.0 19.05255888325765 8 9 4
10 4 280 -24.0 20.784609690826525 10 11 5
10 5 280 -25.0 22.516660498395403 12 13 6
10 6 280 -24.0 24.24871130596428 14 15 7
10 7 280 -23.0 19.05255888325765 16 17 8
10 8 280 -22.0 20.784609690826525 18 19 9
10 9 280 -23.0 22.516660498395403 20 21 10
10 10 280 -22.0 24.24871130596428 22 23 11
10 11 280 -21.0 19.05255888325765 24 25 12
10 12 280 -20.0 20.784609690826525 26 27 13
10 13 280 -21.0 22.516660498395403 28 29 14
10 14 280 -20.0 24.24871130596428 30 31 15
10 15 280 -19.0 19.05255888325765 32 33 16
10 16 280 -18.0 20.784609690826525 34 35 17
10 17 280 -19.0 22.516660498395403 36 37 18
10 18 280 -18.0 24.24871130596428 38 39 19
10 19 280 -17.0 19.05255888325765 40 41 20
10 20 280 -16.0 20.784609690826525 42 43 21
10 21 280 -17.0 22.516660498395403 44 45 22
10 22 280 -16.0 24.24871130596428 46 47 23
10 23 280 -15.0 19.05255888325765 48 49 24
10 24 280 -14.0 20.784609690826525 50 51 25
10 25 280 -15.0 22.516660498395403 52 53 26
10 26 280 -14.0 24.24871130596428 54 55 27
10 27 280 -13.0 22.516660498395403 56 57 28
10 28 280 -12.0 24.24871130596428 58 59 29
11 1 280 -23.0 25.98076211353316 4 5 2
11 2 280 -22.0 27.712812921102035 6 7 3
11 3 280 -21.0 25.98076211353316 8 9 4
11 4 280 -20.0 27.712812921102035 10 11 5
11 5 280 -21.0 29.444863728670914 12 13 6
11 6 280 -20.0 31.176914536239792 14 15 7
11 7 280 -19.0 25.98076211353316 16 17 8
11 8 280 -18.0 27.712812921102035 18 19 9
11 9 280 -19.0 29.444863728670914 20 21 10
11 10 280 -18.0 31.176914536239792 22 23 11
11 11 280 -17.0 25.98076211353316 24 25 12
11 12 280 -16.0 27.712812921102035 26 27 13
11 13 280 -17.0 29.444863728670914 28 29 14
11 14 280 -16.0 31.176914536239792 30 31 15
11 15 280 -15.0 25.98076211353316 32 33 16
11 16 280 -14.0 27.712812921102035 34 35 17
11 17 280 -15.0 29.444863728670914 36 37 18
11 18 280 -14.0 31.176914536239792 38 39 19
11 19 280 -13.0 25.98076211353316 40 41 20
11 20 280 -12.0 27.712812921102035 42 43 21
11 21 280 -13.0 29.444863728670914 44 45 22
11 22 280 -12.0 31.176914536239792 46 47 23
11 23 280 -11.0 25.98076211353316 48 49 24
11 24 280 -10.0 27.712812921102035 50 51 25
11 25 280 -11.0 29.444863728670914 52 53 26
11 26 280 -10.0 31.176914536239792 54 55 27
11 27 280 -9.0 29.444863728670914 56 57 28
11 28 280 -8.0 31.176914536239792 58 59 29
12 1 280 -19.0 32.90896534380867 4 5 2
12 2 280 -18.0 34.64101615137754 6 7 3
12 3 280 -17.0 32.90896534380867 8 9 4
12 4 280 -16.0 34.64101615137754 10 11 5
12 5 280 -17.0 36.37306695894642 12 13 6
12 6 280 -16.0 38.1051177665153 14 15 7
12 7 280 -15.0 32.90896534380867 16 17 8
12 8 280 -14.0 34.64101615137754 18 19 9
12 9 280 -15.0 36.37306695894642 20 21 10
12 10 280 -14.0 38.1051177665153 22 23 11
12 11 280 -13.0 32.90896534380867 24 25 12
12 12 280 -12.0 34.64101615137754 26 27 13
12 13 280 -13.0 36.37306695894642 28 29 14
12 14 280 -12.0 38.1051177665153 30 31 15
12 15 280 -11.0 32.90896534380867 32 33 16
12 16 280 -10.0 34.64101615137754 34 35 17
12 17 280 -11.0 36.37306695894642 36 37 18
12 18 280 -10.0 38.1051177665153 38 39 19
12 19 280 -9.0 32.90896534380867 40 41 20
12 20 280 -8.0 34.64101615137754 42 43 21
12 21 280 -9.0 36.37306695894642 44 45 22
12 22 280 -8.0 38.1051177665153 46 47 23
12 23 280 -7.0 32.90896534380867 48 49 24
12 24 280 -6.0 34.64101615137754 50 51 25
12 25 280 -7.0 36.37306695894642 52 53 26
12 26 280 -6.0 38.1051177665153 54 55 27
12 27 280 -5.0 36.37306695894642 56 57 28
12 28 280 -4.0 38.1051177665153 58 59 29
13 1 280 -32.0 -24.24871130596428 4 5 2
13 2 280 -30.0 -27.712812921102035 6 7 3
13 3 280 -31.0 -25.98076211353316 8 9 4
13 4 280 -30.0 -24.24871130596428 10 11 5
13 5 280 -29.0 -29.444863728670914 12 13 6
13 6 280 -28.0 -27.712812921102035 14 15 7
13 7 280 -29.0 -25.98076211353316 16 17 8
13 8 280 -28.0 -24.24871130596428 18 19 9
13 9 280 -27.0 -25.98076211353316 20 21 10
13 10 280 -26.0 -24.24871130596428 22 23 11
14 1 280 -34.0 -20.784609690826525 4 5 2
14 2 280 -35.0 -19.05255888325765 6 7 3
14 3 280 -34.0 -17.32050807568877 8 9 4
14 4 280 -33.0 -22.516660498395403 10 11 5
14 5 280 -32.0 -20.784609690826525 12 13 6
14 6 280 -33.0 -19.05255888325765 14 15 7
14 7 280 -32.0 -17.32050807568877 16 17 8
14 8 280 -31.0 -22.516660498395403 18 19 9
14 9 280 -30.0 -20.784609690826525 20 21 10
14 10 280 -31.0 -19.05255888325765 22 23 11
14 11 280 -30.0 -17.32050807568877 24 25 12
14 12 280 -29.0 -22.516660498395403 26 27 13
14 13 280 -28.0 -20.784609690826525 28 29 14
14 14 280 -29.0 -19.05255888325765 30 31 15
14 15 280 -28.0 -17.32050807568877 32 33 16
14 16 280 -27.0 -22.516660498395403 34 35 17
14 17 280 -26.0 -20.784609690826525 36 37 18
14 18 280 -27.0 -19.05255888325765 38 39 19
14 19 280 -26.0 -17.32050807568877 40 41 20
14 20 280 -25.0 -22.516660498395403 42 43 21
14 21 280 -24.0 -20.784609690826525 44 45 22
14 22 280 -25.0 -19.05255888325765 46 47 23
14 23 280 -24.0 -17.32050807568877 48 49 24
14 24 280 -23.0 -19.05255888325765 50 51 25
14 25 280 -22.0 -17.32050807568877 52 53 26
15 1 280 -33.0 -15.588457268119896 4 5 2
15 2 280 -32.0 -13.856406460551018 6 7 3
15 3 280 -31.0 -15.588457268119896 8 9 4
15 4 280 -30.0 -13.856406460551018 10 11 5
15 5 280 -31.0 -12.12435565298214 12 13 6
15 6 280 -30.0 -10.392304845413262 14 15 7
15 7 280 -29.0 -15.588457268119896 16 17 8
15 8 280 -28.0 -13.856406460551018 18 19 9
15 9 280 -29.0 -12.12435565298214 20 21 10
15 10 280 -28.0 -10.392304845413262 22 23 11
15 11 280 -27.0 -15.588457268119896 24 25 12
15 12 280 -26.0 -13.856406460551018 26 27 13
15 13 280 -27.0 -12.12435565298214 28 29 14
15 14 280 -26.0 -10.392304845413262 30 31 15
15 15 280 -25.0 -15.588457268119896 32 33 16
15 16 280 -24.0 -13.856406460551018 34 35 17
15 17 280 -25.0 -12.12435565298214 36 37 18
15 18 280 -24.0 -10.392304845413262 38 39 19
15 19 280 -23.0 -15.588457268119896 40 41 20
15 20 280 -22.0 -13.856406460551018 42 43 21
15 21 280 -23.0 -12.12435565298214 44 45 22
15 22 280 -22.0 -10.392304845413262 46 47 23
15 23 280 -21.0 -15.588457268119896 48 49 24
15 24 280 -20.0 -13.856406460551018 50 51 25
15 25 280 -21.0 -12.12435565298214 52 53 26
15 26 280 -20.0 -10.392304845413262 54 55 27
15 27 280 -19.0 -12.12435565298214 56 57 28
15 28 280 -18.0 -10.392304845413262 58 59 29
16 1 280 -29.0 -8.660254037844386 4 5 2
16 2 280 -28.0 -6.928203230275509 6 7 3
16 3 280 -27.0 -8.660254037844386 8 9 4
16 4 280 -26.0 -6.928203230275509 10 11 5
16 5 280 -27.0 -5.196152422706631 12 13 6
16 6 280 -26.0 -3.4641016151377544 14 15 7
16 7 280 -25.0 -8.660254037844386 16 17 8
16 8 280 -24.0 -6.928203230275509 18 19 9
16 9 280 -25.0 -5.196152422706631 20 21 10
16 10 280 -24.0 -3.4641016151377544 22 23 11
16 11 280 -23.0 -8.660254037844386 24 25 12
16 12 280 -22.0 -6.928203230275509 26 27 13
16 13 280 -23.0 -5.196152422706631 28 29 14
16 14 280 -22.0 -3.4641016151377544 30 31 15
16 15 280 -21.0 -8.660254037844386 32 33 16
16 16 280 -20.0 -6.928203230275509 34 35 17
16 17 280 -21.0 -5.196152422706631 36 37 18
16 18 280 -20.0 -3.4641016151377544 38 39 19
16 19 280 -19.0 -8.660254037844386 40 41 20
16 20 280 -18.0 -6.928203230275509 42 43 21
16 21 280 -19.0 -5.196152422706631 44 45 22
16 22 280 -18.0 -3.4641016151377544 46 47 23
16 23 280 -17.0 -8.660254037844386 48 49 24
16 24 280 -16.0 -6.928203230275509 50 51 25
16 25 280 -17.0 -5.196152422706631 52 53 26
16 26 280 -16.0 -3.4641016151377544 54 55 27
16 27 280 -15.0 -5.196152422706631 56 57 28
16 28 280 -14.0 -3.4641016151377544 58 59 29
17 1 280 -25.0 -1.7320508075688772 4 5 2
17 2 280 -24.0 0.0 6 7 3
17 3 280 -23.0 -1.7320508075688772 8 9 4
17 4 280 -22.0 0.0 10 11 5
17 5 280 -23.0 1.7320508075688772 12 13 6
17 6 280 -22.0 3.4641016151377544 14 15 7
17 7 280 -21.0 -1.7320508075688772 16 17 8
17 8 280 -20.0 0.0 18 19 9
17 9 280 -21.0 1.7320508075688772 20 21 10
17 10 280 -20.0 3.4641016151377544 22 23 11
17 11 280 -19.0 -1.7320508075688772 24 25 12
17 12 280 -18.0 0.0 26 27 13
17 13 280 -19.0 1.7320508075688772 28 29 14
17 14 280 -18.0 3.4641016151377544 30 31 15
17 15 280 -17.0 -1.7320508075688772 32 33 16
17 16 280 -16.0 0.0 34 35 17
17 17 280 -17.0 1.7320508075688772 36 37 18
17 18 280 -16.0 3.4641016151377544 38 39 19
17 19 280 -15.0 -1.7320508075688772 40 41 20
17 20 280 -14.0 0.0 42 43 21
17 21 280 -15.0 1.7320508075688772 44 45 22
17 22 280 -14.0 3.4641016151377544 46 47 23
17 23 280 -13.0 -1.7320508075688772 48 49 24
17 24 280 -12.0 0.0 50 51 25
17 25 280 -13.0 1.7320508075688772 52 53 26
17 26 280 -12.0 3.4641016151377544 54 55 27
17 27 280 -11.0 1.7320508075688772 56 57 28
17 28 280 -10.0 3.4641016151377544 58 59 29
18 1 280 -21.0 5.196152422706631 4 5 2
18 2 280 -20.0 6.928203230275509 6 7 3
18 3 280 -19.0 5.196152422706631 8 9 4
18 4 280 -18.0 6.928203230275509 10 11 5
18 5 280 -19.0 8.660254037844386 12 13 6
18 6 280 -18.0 10.392304845413262 14 15 7
18 7 280 -17.0 5.196152422706631 16 17 8
18 8 280 -16.0 6.928203230275509 18 19 9
18 9 280 -17.0 8.660254037844386 20 21 10
18 10 280 -16.0 10.392304845413262 22 23 11
18 11 280 -15.0 5.196152422706631 24 25 12
18 12 280 -14.0 6.928203230275509 26 27 13
18 13 280 -15.0 8.660254037844386 28 29 14
18 14 280 -14.0 10.392304845413262 30 31 15
18 15 280 -13.0 5.196152422706631 32 33 16
18 16 280 -12.0 6.928203230275509 34 35 17
18 17 280 -13.0 8.660254037844386 36 37 18
18 18 280 -12.0 10.392304845413262 38 39 19
18 19 280 -11.0 5.196152422706631 40 41 20
18 20 280 -10.0 6.928203230275509 42 43 21
18 21 280 -11.0 8.660254037844386 44 45 22
18 22 280 -10.0 10.392304845413262 46 47 23
18 23 280 -9.0 5.196152422706631 48 49 24
18 24 280 -8.0 6.928203230275509 50 51 25
18 25 280 -9.0 8.660254037844386 52 53 26
18 26 280 -8.0 10.392304845413262 54 55 27
18 27 280 -7.0 8.660254037844386 56 57 28
18 28 280 -6.0 10.392304845413262 58 59 29
19 1 280 -17.0 12.12435565298214 4 5 2
19 2 280 -16.0 13.856406460551018 6 7 3
19 3 280 -15.0 12.12435565298214 8 9 4
19 4 280 -14.0 13.856406460551018 10 11 5
19 5 280 -15.0 15.588457268119896 12 13 6
19 6 280 -14.0 17.32050807568877 14 15 7
19 7 280 -13.0 12.12435565298214 16 17 8
19 8 280 -12.0 13.856406460551018 18 19 9
19 9 280 -13.0 15.588457268119896 20 21 10
19 10 280 -12.0 17.32050807568877 22 23 11
19 11 280 -11.0 12.12435565298214 24 25 12
19 12 280 -10.0 13.856406460551018 26 27 13
19 13 280 -11.0 15.588457268119896 28 29 14
19 14 280 -10.0 17.32050807568877 30 31 15
19 15 280 -9.0 12.12435565298214 32 33 16
19 16 280 -8.0 13.856406460551018 34 35 17
19 17 280 -9.0 15.588457268119896 36 37 18
19 18 280 -8.0 17.32050807568877 38 39 19
19 19 280 -7.0 12.12435565298214 40 41 20
19 20 280 -6.0 13.856406460551018 42 43 21
19 21 280 -7.0 15.588457268119896 44 45 22
19 22 280 -6.0 17.32050807568877 46 47 23
19 23 280 -5.0 12.12435565298214 48 49 24
19 24 280 -4.0 13.856406460551018 50 51 25
19 25 280 -5.0 15.588457268119896 52 53 26
19 26 280 -4.0 17.32050807568877 54 55 27
19 27 280 -3.0 15.588457268119896 56 57 28
19 28 280 -2.0 17.32050807568877 58 59 29
20 1 280 -13.0 19.05255888325765 4 5 2
20 2 280 -12.0 20.784609690826525 6 7 3
20 3 280 -11.0 19.05255888325765 8 9 4
20 4 280 -10.0 20.784609690826525 10 11 5
20 5 280 -11.0 22.516660498395403 12 13 6
20 6 280 -10.0 24.24871130596428 14 15 7
20 7 280 -9.0 19.05255888325765 16 17 8
20 8 280 -8.0 20.784609690826525 18 19 9
20 9 280 -9.0 22.516660498395403 20 21 10
20 10 280 -8.0 24.24871130596428 22 23 11
20 11 280 -7.0 19.05255888325765 24 25 12
20 12 280 -6.0 20.784609690826525 26 27 13
20 13 280 -7.0 22.516660498395403 28 29 14
20 14 280 -6.0 24.24871130596428 30 31 15
20 15 280 -5.0 19.05255888325765 32 33 16
20 16 280 -4.0 20.784609690826525 34 35 17
20 17 280 -5.0 22.516660498395403 36 37 18
20 18 280 -4.0 24.24871130596428 38 39 19
20 19 280 -3.0 19.05255888325765 40 41 20
20 20 280 -2.0 20.784609690826525 42 43 21
20 21 280 -3.0 22.516660498395403 44 45 22
20 22 280 -2.0 24.24871130596428 46 47 23
20 23 280 -1.0 19.05255888325765 48 49 24
20 24 280 0.0 20.784609690826525 50 51 25
20 25 280 -1.0 22.516660498395403 52 53 26
20 26 280 0.0 24.24871130596428 54 55 27
20 27 280 1.0 22.516660498395403 56 57 28
20 28 280 2.0 24.24871130596428 58 59 29
21 1 280 -9.0 25.98076211353316 4 5 2
21 2 280 -8.0 27.712812921102035 6 7 3
21 3 280 -7.0 25.98076211353316 8 9 4
21 4 280 -6.0 27.712812921102035 10 11 5
21 5 280 -7.0 29.444863728670914 12 13 6
21 6 280 -6.0 31.176914536239792 14 15 7
21 7 280 -5.0 25.98076211353316 16 17 8
21 8 280 -4.0 27.712812921102035 18 19 9
21 9 280 -5.0 29.444863728670914 20 21 10
21 10 280 -4.0 31.176914536239792 22 23 11
21 11 280 -3.0 25.98076211353316 24 25 12
21 12 280 -2.0 27.712812921102035 26 27 13
21 13 280 -3.0 29.444863728670914 28 29 14
21 14 280 -2.0 31.176914536239792 30 31 15
21 15 280 -1.0 25.98076211353316 32 33 16
21 16 280 0.0 27.712812921102035 34 35 17
21 17 280 -1.0 29.444863728670914 36 37 18
21 18 280 0.0 31.176914536239792 38 39 19
21 19 280 1.0 25.98076211353316 40 41 20
21 20 280 2.0 27.712812921102035 42 43 21
21 21 280 1.0 29.444863728670914 44 45 22
21 22 280 2.0 31.176914536239792 46 47 23
21 23 280 3.0 25.98076211353316 48 49 24
21 24 280 4.0 27.712812921102035 50 51 25
21 25 280 3.0 29.444863728670914 52 53 26
21 26 280 4.0 31.176914536239792 54 55 27
21 27 280 5.0 29.444863728670914 56 57 28
21 28 280 6.0 31.176914536239792 58 59 29
22 1 280 -5.0 32.90896534380867 4 5 2
22 2 280 -4.0 34.64101615137754 6 7 3
22 3 280 -3.0 32.90896534380867 8 9 4
22 4 280 -2.0 34.64101615137754 10 11 5
22 5 280 -3.0 36.37306695894642 12 13 6
22 6 280 -2.0 38.1051177665153 14 15 7
22 7 280 -1.0 32.90896534380867 16 17 8
22 8 280 0.0 34.64101615137754 18 19 9
22 9 280 -1.0 36.37306695894642 20 21 10
22 10 280 0.0 38.1051177665153 22 23 11
22 11 280 1.0 32.90896534380867 24 25 12
22 12 280 2.0 34.64101615137754 26 27 13
22 13 280 1.0 36.37306695894642 28 29 14
22 14 280 2.0 38.1051177665153 30 31 15
22 15 280 3.0 32.90896534380867 32 33 16
22 16 280 4.0 34.64101615137754 34 35 17
22 17 280 3.0 36.37306695894642 36 37 18
22 18 280 4.0 38.1051177665153 38 39 19
22 19 280 5.0 32.90896534380867 40 41 20
22 20 280 6.0 34.64101615137754 42 43 21
22 21 280 5.0 36.37306695894642 44 45 22
22 22 280 6.0 38.1051177665153 46 47 23
22 23 280 7.0 32.90896534380867 48 49 24
22 24 280 8.0 34.64101615137754 50 51 25
22 25 280 7.0 36.37306695894642 52 53 26
22 26 280 8.0 38.1051177665153 54 55 27
22 27 280 9.0 36.37306695894642 56 57 28
22 28 280 10.0 38.1051177665153 58 59 29
23 1 280 -26.0 -31.176914536239792 4 5 2
23 2 280 -25.0 -32.90896534380867 6 7 3
23 3 280 -24.0 -31.176914536239792 8 9 4
23 4 280 -22.0 -34.64101615137754 10 11 5
23 5 280 -23.0 -32.90896534380867 12 13 6
23 6 280 -22.0 -31.176914536239792 14 15 7
23 7 280 -20.0 -34.64101615137754 16 17 8
23 8 280 -21.0 -32.90896534380867 18 19 9
23 9 280 -20.0 -31.176914536239792 20 21 10
23 10 280 -19.0 -36.37306695894642 22 23 11
23 11 280 -18.0 -34.64101615137754 24 25 12
23 12 280 -19.0 -32.90896534380867 26 27 13
23 13 280 -18.0 -31.176914536239792 28 29 14
23 14 280 -17.0 -32.90896534380867 30 31 15
23 15 280 -16.0 -31.176914536239792 32 33 16
24 1 280 -27.0 -29.444863728670914 4 5 2
24 2 280 -26.0 -27.712812921102035 6 7 3
24 3 280 -25.0 -29.444863728670914 8 9 4
24 4 280 -24.0 -27.712812921102035 10 11 5
24 5 280 -25.0 -25.98076211353316 12 13 6
24 6 280 -24.0 -24.24871130596428 14 15 7
24 7 280 -23.0 -29.444863728670914 16 17 8
24 8 280 -22.0 -27.712812921102035 18 19 9
24 9 280 -23.0 -25.98076211353316 20 21 10
24 10 280 -22.0 -24.24871130596428 22 23 11
24 11 280 -21.0 -29.444863728670914 24 25 12
24 12 280 -20.0 -27.712812921102035 26 27 13
24 13 280 -21.0 -25.98076211353316 28 29 14
24 14 280 -20.0 -24.24871130596428 30 31 15
24 15 280 -19.0 -29.444863728670914 32 33 16
24 16 280 -18.0 -27.712812921102035 34 35 17
24 17 280 -19.0 -25.98076211353316 36 37 18
24 18 280 -18.0 -24.24871130596428 38 39 19
24 19 280 -17.0 -29.444863728670914 40 41 20
24 20 280 -16.0 -27.712812921102035 42 43 21
24 21 280 -17.0 -25.98076211353316 44 45 22
24 22 280 -16.0 -24.24871130596428 46 47 23
24 23 280 -15.0 -29.444863728670914 48 49 24
24 24 280 -14.0 -27.712812921102035 50 51 25
24 25 280 -15.0 -25.98076211353316 52 53 26
24 26 280 -14.0 -24.24871130596428 54 55 27
24 27 280 -13.0 -25.98076211353316 56 57 28
24 28 280 -12.0 -24.24871130596428 58 59 29
25 1 280 -23.0 -22.516660498395403 4 5 2
25 2 280 -22.0 -20.784609690826525 6 7 3
25 3 280 -21.0 -22.516660498395403 8 9 4
25 4 280 -20.0 -20.784609690826525 10 11 5
25 5 280 -21.0 -19.05255888325765 12 13 6
25 6 280 -20.0 -17.32050807568877 14 15 7
25 7 280 -19.0 -22.516660498395403 16 17 8
25 8 280 -18.0 -20.784609690826525 18 19 9
25 9 280 -19.0 -19.05255888325765 20 21 10
25 10 280 -18.0 -17.32050807568877 22 23 11
25 11 280 -17.0 -22.516660498395403 24 25 12
25 12 280 -16.0 -20.784609690826525 26 27 13
25 13 280 -17.0 -19.05255888325765 28 29 14
25 14 280 -16.0 -17.32050807568877 30 31 15
25 15 280 -15.0 -22.516660498395403 32 33 16
25 16 280 -14.0 -20.784609690826525 34 35 17
25 17 280 -15.0 -19.05255888325765 36 37 18
25 18 280 -14.0 -17.32050807568877 38 39 19
25 19 280 -13.0 -22.516660498395403 40 41 20
25 20 280 -12.0 -20.784609690826525 42 43 21
25 21 280 -13.0 -19.05255888325765 44 45 22
25 22 280 -12.0 -17.32050807568877 46 47 23
25 23 280 -11.0 -22.516660498395403 48 49 24
25 24 280 -10.0 -20.784609690826525 50 51 25
25 25 280 -11.0 -19.05255888325765 52 53 26
25 26 280 -10.0 -17.32050807568877 54 55 27
25 27 280 -9.0 -19.05255888325765 56 57 28
25 28 280 -8.0 -17.32050807568877 58 59 29
26 1 280 -19.0 -15.588457268119896 4 5 2
26 2 280 -18.0 -13.856406460551018 6 7 3
26 3 280 -17.0 -15.588457268119896 8 9 4
26 4 280 -16.0 -13.856406460551018 10 11 5
26 5 280 -17.0 -12.12435565298214 12 13 6
26 6 280 -16.0 -10.392304845413262 14 15 7
26 7 280 -15.0 -15.588457268119896 16 17 8
26 8 280 -14.0 -13.856406460551018 18 19 9
26 9 280 -15.0 -12.12435565298214 20 21 10
26 10 280 -14.0 -10.392304845413262 22 23 11
26 11 280 -13.0 -15.588457268119896 24 25 12
26 12 280 -12.0 -13.856406460551018 26 27 13
26 13 280 -13.0 -12.12435565298214 28 29 14
26 14 280 -12.0 -10.392304845413262 30 31 15
26 15 280 -11.0 -15.588457268119896 32 33 16
26 16 280 -10.0 -13.856406460551018 34 35 17
26 17 280 -11.0 -12.12435565298214 36 37 18
26 18 280 -10.0 -10.392304845413262 38 39 19
26 19 280 -9.0 -15.588457268119896 40 41 20
26 20 280 -8.0 -13.856406460551018 42 43 21
26 21 280 -9.0 -12.12435565298214 44 45 22
26 22 280 -8.0 -10.392304845413262 46 47 23
26 23 280 -7.0 -15.588457268119896 48 49 24
26 24 280 -6.0 -13.856406460551018 50 51 25
26 25 280 -7.0 -12.12435565298214 52 53 26
26 26 280 -6.0 -10.392304845413262 54 55 27
26 27 280 -5.0 -12.12435565298214 56 57 28
26 28 280 -4.0 -10.392304845413262 58 59 29
27 1 280 -15.0 -8.660254037844386 4 5 2
27 2 280 -14.0 -6.928203230275509 6 7 3
27 3 280 -13.0 -8.660254037844386 8 9 4
27 4 280 -12.0 -6.928203230275509 10 11 5
27 5 280 -13.0 -5.196152422706631 12 13 6
27 6 280 -12.0 -3.4641016151377544 14 15 7
27 7 280 -11.0 -8.660254037844386 16 17 8
27 8 280 -10.0 -6.928203230275509 18 19 9
27 9 280 -11.0 -5.196152422706631 20 21 10
27 10 280 -10.0 -3.4641016151377544 22 23 11
27 11 280 -9.0 -8.660254037844386 24 25 12
27 12 280 -8.0 -6.928203230275509 26 27 13
27 13 280 -9.0 -5.196152422706631 28 29 14
27 14 280 -8.0 -3.4641016151377544 30 31 15
27 15 280 -7.0 -8.660254037844386 32 33 16
27 16 280 -6.0 -6.928203230275509 34 35 17
27 17 280 -7.0 -5.196152422706631 36 37 18
27 18 280 -6.0 -3.4641016151377544 38 39 19
27 19 280 -5.0 -8.660254037844386 40 41 20
27 20 280 -4.0 -6.928203230275509 42 43 21
27 21 280 -5.0 -5.196152422706631 44 45 22
27 22 280 -4.0 -3.4641016151377544 46 47 23
27 23 280 -3.0 -8.660254037844386 48 49 24
27 24 280 -2.0 -6.928203230275509 50 51 25
27 25 280 -3.0 -5.196152422706631 52 53 26
27 26 280 -2.0 -3.4641016151377544 54 55 27
27 27 280 -1.0 -5.196152422706631 56 57 28
27 28 280 0.0 -3.4641016151377544 58 59 29
28 1 280 -41.0 5.196152422706631 4 5 2
28 2 280 -40.0 6.928203230275509 6 7 3
28 3 280 -40.0 10.392304845413262 8 9 4
28 4 280 -39.0 5.196152422706631 10 11 5
28 5 280 -38.0 6.928203230275509 12 13 6
28 6 280 -39.0 8.660254037844386 14 15 7
28 7 280 -38.0 10.392304845413262 16 17 8
28 8 280 -37.0 5.196152422706631 18 19 9
28 9 280 -36.0 6.928203230275509 20 21 10
28 10 280 -37.0 8.660254037844386 22 23 11
28 11 280 -36.0 10.392304845413262 24 25 12
28 12 280 -35.0 8.660254037844386 26 27 13
28 13 280 -34.0 10.392304845413262 28 29 14
29 1 280 -7.0 5.196152422706631 4 5 2
29 2 280 -6.0 6.928203230275509 6 7 3
29 3 280 -5.0 5.196152422706631 8 9 4
29 4 280 -4.0 6.928203230275509 10 11 5
29 5 280 -5.0 8.660254037844386 12 13 6
29 6 280 -4.0 10.392304845413262 14 15 7
29 7 280 -3.0 5.196152422706631 16 17 8
29 8 280 -2.0 6.928203230275509 18 19 9
29 9 280 -3.0 8.660254037844386 20 21 10
29 10 280 -2.0 10.392304845413262 22 23 11
29 11 280 -1.0 5.196152422706631 24 25 12
29 12 280 0.0 6.928203230275509 26 27 13
29 13 280 -1.0 8.660254037844386 28 29 14
29 14 280 0.0 10.392304845413262 30 31 15
29 15 280 1.0 5.196152422706631 32 33 16
29 16 280 2.0 6.928203230275509 34 35 17
29 17 280 1.0 8.660254037844386 36 37 18
29 18 280 2.0 10.392304845413262 38 39 19
29 19 280 3.0 5.196152422706631 40 41 20
29 20 280 4.0 6.928203230275509 42 43 21
29 21 280 3.0 8.660254037844386 44 45 22
29 22 280 4.0 10.392304845413262 46 47 23
29 23 280 5.0 5.196152422706631 48 49 24
29 24 280 6.0 6.928203230275509 50 51 25
29 25 280 5.0 8.660254037844386 52 53 26
29 26 280 6.0 10.392304845413262 54 55 27
29 27 280 7.0 8.660254037844386 56 57 28
29 28 280 8.0 10.392304845413262 58 59 29
30 1 280 -3.0 12.12435565298214 4 5 2
30 2 280 -2.0 13.856406460551018 6 7 3
30 3 280 -1.0 12.12435565298214 8 9 4
30 4 280 0.0 13.856406460551018 10 11 5
30 5 280 -1.0 15.588457268119896 12 13 6
30 6 280 0.0 17.32050807568877 14 15 7
30 7 280 1.0 12.12435565298214 16 17 8
30 8 280 2.0 13.856406460551018 18 19 9
30 9 280 1.0 15.588457268119896 20 21 10
30 10 280 2.0 17.32050807568877 22 23 11
30 11 280 3.0 12.12435565298214 24 25 12
30 12 280 4.0 13.856406460551018 26 27 13
30 13 280 3.0 15.588457268119896 28 29 14
30 14 280 4.0 17.32050807568877 30 31 15
30 15 280 5.0 12.12435565298214 32 33 16
30 16 280 6.0 13.856406460551018 34 35 17
30 17 280 5.0 15.588457268119896 36 37 18
30 18 280 6.0 17.32050807568877 38 39 19
30 19 280 7.0 12.12435565298214 40 41 20
30 20 280 8.0 13.856406460551018 42 43 21
30 21 280 7.0 15.588457268119896 44 45 22
30 22 280 8.0 17.32050807568877 46 47 23
30 23 280 9.0 12.12435565298214 48 49 24
30 24 280 10.0 13.856406460551018 50 51 25
30 25 280 9.0 15.588457268119896 52 53 26
30 26 280 10.0 17.32050807568877 54 55 27
30 27 280 11.0 15.588457268119896 56 57 28
30 28 280 12.0 17.32050807568877 58 59 29
31 1 280 1.0 19.05255888325765 4 5 2
31 2 280 2.0 20.784609690826525 6 7 3
31 3 280 3.0 19.05255888325765 8 9 4
31 4 280 4.0 20.784609690826525 10 11 5
31 5 280 3.0 22.516660498395403 12 13 6
31 6 280 4.0 24.24871130596428 14 15 7
31 7 280 5.0 19.05255888325765 16 17 8
31 8 280 6.0 20.784609690826525 18 19 9
31 9 280 5.0 22.516660498395403 20 21 10
31 10 280 6.0 24.24871130596428 22 23 11
31 11 280 7.0 19.05255888325765 24 25 12
31 12 280 8.0 20.784609690826525 26 27 13
31 13 280 7.0 22.516660498395403 28 29 14
31 14 280 8.0 24.24871130596428 30 31 15
31 15 280 9.0 19.05255888325765 32 33 16
31 16 280 10.0 20.784609690826525 34 35 17
31 17 280 9.0 22.516660498395403 36 37 18
31 18 280 10.0 24.24871130596428 38 39 19
31 19 280 11.0 19.05255888325765 40 41 20
31 20 280 12.0 20.784609690826525 42 43 21
31 21 280 11.0 22.516660498395403 44 45 22
31 22 280 12.0 24.24871130596428 46 47 23
31 23 280 13.0 19.05255888325765 48 49 24
31 24 280 14.0 20.784609690826525 50 51 25
31 25 280 13.0 22.516660498395403 52 53 26
31 26 280 14.0 24.24871130596428 54 55 27
31 27 280 15.0 22.516660498395403 56 57 28
31 28 280 16.0 24.24871130596428 58 59 29
32 1 280 5.0 25.98076211353316 4 5 2
32 2 280 6.0 27.712812921102035 6 7 3
32 3 280 7.0 25.98076211353316 8 9 4
32 4 280 8.0 27.712812921102035 10 11 5
32 5 280 7.0 29.444863728670914 12 13 6
32 6 280 8.0 31.176914536239792 14 15 7
32 7 280 9.0 25.98076211353316 16 17 8
32 8 280 10.0 27.712812921102035 18 19 9
32 9 280 9.0 29.444863728670914 20 21 10
32 10 280 10.0 31.176914536239792 22 23 11
32 11 280 11.0 25.98076211353316 24 25 12
32 12 280 12.0 27.712812921102035 26 27 13
32 13 280 11.0 29.444863728670914 28 29 14
32 14 280 12.0 31.176914536239792 30 31 15
32 15 280 13.0 25.98076211353316 32 33 16
32 16 280 14.0 27.712812921102035 34 35 17
32 17 280 13.0 29.444863728670914 36 37 18
32 18 280 14.0 31.176914536239792 38 39 19
32 19 280 15.0 25.98076211353316 40 41 20
32 20 280 16.0 27.712812921102035 42 43 21
32 21 280 15.0 29.444863728670914 44 45 22
32 22 280 16.0 31.176914536239792 46 47 23
32 23 280 17.0 25.98076211353316 48 49 24
32 24 280 18.0 27.712812921102035 50 51 25
32 25 280 17.0 29.444863728670914 52 53 26
32 26 280 18.0 31.176914536239792 54 55 27
32 27 280 19.0 29.444863728670914 56 57 28
32 28 280 20.0 31.176914536239792 58 59 29
33 1 280 9.0 32.90896534380867 4 5 2
33 2 280 10.0 34.64101615137754 6 7 3
33 3 280 11.0 32.90896534380867 8 9 4
33 4 280 12.0 34.64101615137754 10 11 5
33 5 280 11.0 36.37306695894642 12 13 6
33 6 280 12.0 38.1051177665153 14 15 7
33 7 280 13.0 32.90896534380867 16 17 8
33 8 280 14.0 34.64101615137754 18 19 9
33 9 280 13.0 36.37306695894642 20 21 10
33 10 280 14.0 38.1051177665153 22 23 11
33 11 280 15.0 32.90896534380867 24 25 12
33 12 280 16.0 34.64101615137754 26 27 13
33 13 280 15.0 36.37306695894642 28 29 14
33 14 280 16.0 38.1051177665153 30 31 15
33 15 280 17.0 32.90896534380867 32 33 16
33 16 280 18.0 34.64101615137754 34 35 17
33 17 280 17.0 36.37306695894642 36 37 18
33 18 280 19.0 32.90896534380867 38 39 19
33 19 280 20.0 34.64101615137754 40 41 20
33 20 280 19.0 36.37306695894642 42 43 21
33 21 280 21.0 32.90896534380867 44 45 22
33 22 280 22.0 34.64101615137754 46 47 23
34 1 280 -17.0 -36.37306695894642 4 5 2
34 2 280 -16.0 -34.64101615137754 6 7 3
34 3 280 -15.0 -36.37306695894642 8 9 4
34 4 280 -14.0 -34.64101615137754 10 11 5
34 5 280 -15.0 -32.90896534380867 12 13 6
34 6 280 -14.0 -31.176914536239792 14 15 7
34 7 280 -13.0 -36.37306695894642 16 17 8
34 8 280 -12.0 -34.64101615137754 18 19 9
34 9 280 -13.0 -32.90896534380867 20 21 10
34 10 280 -12.0 -31.176914536239792 22 23 11
34 11 280 -11.0 -36.37306695894642 24 25 12
34 12 280 -10.0 -34.64101615137754 26 27 13
34 13 280 -11.0 -32.90896534380867 28 29 14
34 14 280 -10.0 -31.176914536239792 30 31 15
34 15 280 -9.0 -36.37306695894642 32 33 16
34 16 280 -8.0 -34.64101615137754 34 35 17
34 17 280 -9.0 -32.90896534380867 36 37 18
34 18 280 -8.0 -31.176914536239792 38 39 19
34 19 280 -7.0 -36.37306695894642 40 41 20
34 20 280 -6.0 -34.64101615137754 42 43 21
34 21 280 -7.0 -32.90896534380867 44 45 22
34 22 280 -6.0 -31.176914536239792 46 47 23
34 23 280 -5.0 -36.37306695894642 48 49 24
34 24 280 -4.0 -34.64101615137754 50 51 25
34 25 280 -5.0 -32.90896534380867 52 53 26
34 26 280 -4.0 -31.176914536239792 54 55 27
34 27 280 -3.0 -32.90896534380867 56 57 28
34 28 280 -2.0 -31.176914536239792 58 59 29
35 1 280 -13.0 -29.444863728670914 4 5 2
35 2 280 -12.0 -27.712812921102035 6 7 3
35 3 280 -11.0 -29.444863728670914 8 9 4
35 4 280 -10.0 -27.712812921102035 10 11 5
35 5 280 -11.0 -25.98076211353316 12 13 6
35 6 280 -10.0 -24.24871130596428 14 15 7
35 7 280 -9.0 -29.444863728670914 16 17 8
35 8 280 -8.0 -27.712812921102035 18 19 9
35 9 280 -9.0 -25.98076211353316 20 21 10
35 10 280 -8.0 -24.24871130596428 22 23 11
35 11 280 -7.0 -29.444863728670914 24 25 12
35 12 280 -6.0 -27.712812921102035 26 27 13
35 13 280 -7.0 -25.98076211353316 28 29 14
35 14 280 -6.0 -24.24871130596428 30 31 15
35 15 280 -5.0 -29.444863728670914 32 33 16
35 16 280 -4.0 -27.712812921102035 34 35 17
35 17 280 -5.0 -25.98076211353316 36 37 18
35 18 280 -4.0 -24.24871130596428 38 39 19
35 19 280 -3.0 -29.444863728670914 40 41 20
35 20 280 -2.0 -27.712812921102035 42 43 21
35 21 280 -3.0 -25.98076211353316 44 45 22
35 22 280 -2.0 -24.24871130596428 46 47 23
35 23 280 -1.0 -29.444863728670914 48 49 24
35 24 280 0.0 -27.712812921102035 50 51 25
35 25 280 -1.0 -25.98076211353316 52 53 26
35 26 280 0.0 -24.24871130596428 54 55 27
35 27 280 1.0 -25.98076211353316 56 57 28
35 28 280 2.0 -24.24871130596428 58 59 29
36 1 280 -9.0 -22.516660498395403 4 5 2
36 2 280 -8.0 -20.784609690826525 6 7 3
36 3 280 -7.0 -22.516660498395403 8 9 4
36 4 280 -6.0 -20.784609690826525 10 11 5
36 5 280 -7.0 -19.05255888325765 12 13 6
36 6 280 -6.0 -17.32050807568877 14 15 7
36 7 280 -5.0 -22.516660498395403 16 17 8
36 8 280 -4.0 -20.784609690826525 18 19 9
36 9 280 -5.0 -19.05255888325765 20 21 10
36 10 280 -4.0 -17.32050807568877 22 23 11
36 11 280 -3.0 -22.516660498395403 24 25 12
36 12 280 -2.0 -20.784609690826525 26 27 13
36 13 280 -3.0 -19.05255888325765 28 29 14
36 14 280 -2.0 -17.32050807568877 30 31 15
36 15 280 -1.0 -22.516660498395403 32 33 16
36 16 280 0.0 -20.784609690826525 34 35 17
36 17 280 -1.0 -19.05255888325765 36 37 18
36 18 280 0.0 -17.32050807568877 38 39 19
36 19 280 1.0 -22.516660498395403 40 41 20
36 20 280 2.0 -20.784609690826525 42 43 21
36 21 280 1.0 -19.05255888325765 44 45 22
36 22 280 2.0 -17.32050807568877 46 47 23
36 23 280 3.0 -22.516660498395403 48 49 24
36 24 280 4.0 -20.784609690826525 50 51 25
36 25 280 3.0 -19.05255888325765 52 53 26
36 26 280 4.0 -17.32050807568877 54 55 27
36 27 280 5.0 -19.05255888325765 56 57 28
36 28 280 6.0 -17.32050807568877 58 59 29
37 1 280 -5.0 -15.588457268119896 4 5 2
37 2 280 -4.0 -13.856406460551018 6 7 3
37 3 280 -3.0 -15.588457268119896 8 9 4
37 4 280 -2.0 -13.856406460551018 10 11 5
37 5 280 -3.0 -12.12435565298214 12 13 6
37 6 280 -2.0 -10.392304845413262 14 15 7
37 7 280 -1.0 -15.588457268119896 16 17 8
37 8 280 0.0 -13.856406460551018 18 19 9
37 9 280 -1.0 -12.12435565298214 20 21 10
37 10 280 0.0 -10.392304845413262 22 23 11
37 11 280 1.0 -15.588457268119896 24 25 12
37 12 280 2.0 -13.856406460551018 26 27 13
37 13 280 1.0 -12.12435565298214 28 29 14
37 14 280 2.0 -10.392304845413262 30 31 15
37 15 280 3.0 -15.588457268119896 32 33 16
37 16 280 4.0 -13.856406460551018 34 35 17
37 17 280 3.0 -12.12435565298214 36 37 18
37 18 280 4.0 -10.392304845413262 38 39 19
37 19 280 5.0 -15.588457268119896 40 41 20
37 20 280 6.0 -13.856406460551018 42 43 21
37 21 280 5.0 -12.12435565298214 44 45 22
37 22 280 6.0 -10.392304845413262 46 47 23
37 23 280 7.0 -15.588457268119896 48 49 24
37 24 280 8.0 -13.856406460551018 50 51 25
37 25 280 7.0 -12.12435565298214 52 53 26
37 26 280 8.0 -10.392304845413262 54 55 27
37 27 280 9.0 -12.12435565298214 56 57 28
37 28 280 10.0 -10.392304845413262 58 59 29
38 1 280 -1.0 -8.660254037844386 4 5 2
38 2 280 0.0 -6.928203230275509 6 7 3
38 3 280 1.0 -8.660254037844386 8 9 4
38 4 280 2.0 -6.928203230275509 10 11 5
38 5 280 1.0 -5.196152422706631 12 13 6
38 6 280 2.0 -3.4641016151377544 14 15 7
38 7 280 3.0 -8.660254037844386 16 17 8
38 8 280 4.0 -6.928203230275509 18 19 9
38 9 280 3.0 -5.196152422706631 20 21 10
38 10 280 4.0 -3.4641016151377544 22 23 11
38 11 280 5.0 -8.660254037844386 24 25 12
38 12 280 6.0 -6.928203230275509 26 27 13
38 13 280 5.0 -5.196152422706631 28 29 14
38 14 280 6.0 -3.4641016151377544 30 31 15
38 15 280 7.0 -8.660254037844386 32 33 16
38 16 280 8.0 -6.928203230275509 34 35 17
38 17 280 7.0 -5.196152422706631 36 37 18
38 18 280 8.0 -3.4641016151377544 38 39 19
38 19 280 9.0 -8.660254037844386 40 41 20
38 20 280 10.0 -6.928203230275509 42 43 21
38 21 280 9.0 -5.196152422706631 44 45 22
38 22 280 10.0 -3.4641016151377544 46 47 23
38 23 280 11.0 -8.660254037844386 48 49 24
38 24 280 12.0 -6.928203230275509 50 51 25
38 25 280 11.0 -5.196152422706631 52 53 26
38 26 280 12.0 -3.4641016151377544 54 55 27
38 27 280 13.0 -5.196152422706631 56 57 28
38 28 280 14.0 -3.4641016151377544 58 59 29
39 1 280 3.0 -1.7320508075688772 4 5 2
39 2 280 4.0 0.0 6 7 3
39 3 280 5.0 -1.7320508075688772 8 9 4
39 4 280 6.0 0.0 10 11 5
39 5 280 5.0 1.7320508075688772 12 13 6
39 6 280 6.0 3.4641016151377544 14 15 7
39 7 280 7.0 -1.7320508075688772 16 17 8
39 8 280 8.0 0.0 18 19 9
39 9 280 7.0 1.7320508075688772 20 21 10
39 10 280 8.0 3.4641016151377544 22 23 11
39 11 280 9.0 -1.7320508075688772 24 25 12
39 12 280 10.0 0.0 26 27 13
39 13 280 9.0 1.7320508075688772 28 29 14
39 14 280 10.0 3.4641016151377544 30 31 15
39 15 280 11.0 -1.7320508075688772 32 33 16
39 16 280 12.0 0.0 34 35 17
39 17 280 11.0 1.7320508075688772 36 37 18
39 18 280 12.0 3.4641016151377544 38 39 19
39 19 280 13.0 -1.7320508075688772 40 41 20
39 20 280 14.0 0.0 42 43 21
39 21 280 13.0 1.7320508075688772 44 45 22
39 22 280 14.0 3.4641016151377544 46 47 23
39 23 280 15.0 -1.7320508075688772 48 49 24
39 24 280 16.0 0.0 50 51 25
39 25 280 15.0 1.7320508075688772 52 53 26
39 26 280 16.0 3.4641016151377544 54 55 27
39 27 280 17.0 1.7320508075688772 56 57 28
39 28 280 18.0 3.4641016151377544 58 59 29
40 1 280 7.0 5.196152422706631 4 5 2
40 2 280 8.0 6.928203230275509 6 7 3
40 3 280 9.0 5.196152422706631 8 9 4
40 4 280 10.0 6.928203230275509 10 11 5
40 5 280 9.0 8.660254037844386 12 13 6
40 6 280 10.0 10.392304845413262 14 15 7
40 7 280 11.0 5.196152422706631 16 17 8
40 8 280 12.0 6.928203230275509 18 19 9
40 9 280 11.0 8.660254037844386 20 21 10
40 10 280 12.0 10.392304845413262 22 23 11
40 11 280 13.0 5.196152422706631 24 25 12
40 12 280 14.0 6.928203230275509 26 27 13
40 13 280 13.0 8.660254037844386 28 29 14
40 14 280 14.0 10.392304845413262 30 31 15
40 15 280 15.0 5.196152422706631 32 33 16
40 16 280 16.0 6.928203230275509 34 35 17
40 17 280 15.0 8.660254037844386 36 37 18
40 18 280 16.0 10.392304845413262 38 39 19
40 19 280 17.0 5.196152422706631 40 41 20
40 20 280 18.0 6.928203230275509 42 43 21
40 21 280 17.0 8.660254037844386 44 45 22
40 22 280 18.0 10.392304845413262 46 47 23
40 23 280 19.0 5.196152422706631 48 49 24
40 24 280 20.0 6.928203230275509 50 51 25
40 25 280 19.0 8.660254037844386 52 53 26
40 26 280 20.0 10.392304845413262 54 55 27
40 27 280 21.0 8.660254037844386 56 57 28
40 28 280 22.0 10.392304845413262 58 59 29
41 1 280 11.0 12.12435565298214 4 5 2
41 2 280 12.0 13.856406460551018 6 7 3
41 3 280 13.0 12.12435565298214 8 9 4
41 4 280 14.0 13.856406460551018 10 11 5
41 5 280 13.0 15.588457268119896 12 13 6
41 6 280 14.0 17.32050807568877 14 15 7
41 7 280 15.0 12.12435565298214 16 17 8
41 8 280 16.0 13.856406460551018 18 19 9
41 9 280 15.0 15.588457268119896 20 21 10
41 10 280 16.0 17.32050807568877 22 23 11
41 11 280 17.0 12.12435565298214 24 25 12
41 12 280 18.0 13.856406460551018 26 27 13
41 13 280 17.0 15.588457268119896 28 29 14
41 14 280 18.0 17.32050807568877 30 31 15
41 15 280 19.0 12.12435565298214 32 33 16
41 16 280 20.0 13.856406460551018 34 35 17
41 17 280 19.0 15.588457268119896 36 37 18
41 18 280 20.0 17.32050807568877 38 39 19
41 19 280 21.0 12.12435565298214 40 41 20
41 20 280 22.0 13.856406460551018 42 43 21
41 21 280 21.0 15.588457268119896 44 45 22
41 22 280 22.0 17.32050807568877 46 47 23
41 23 280 23.0 12.12435565298214 48 49 24
41 24 280 24.0 13.856406460551018 50 51 25
41 25 280 23.0 15.588457268119896 52 53 26
41 26 280 24.0 17.32050807568877 54 55 27
41 27 280 25.0 15.588457268119896 56 57 28
41 28 280 26.0 17.32050807568877 58 59 29
42 1 280 15.0 19.05255888325765 4 5 2
42 2 280 16.0 20.784609690826525 6 7 3
42 3 280 17.0 19.05255888325765 8 9 4
42 4 280 18.0 20.784609690826525 10 11 5
42 5 280 17.0 22.516660498395403 12 13 6
42 6 280 18.0 24.24871130596428 14 15 7
42 7 280 19.0 19.05255888325765 16 17 8
42 8 280 20.0 20.784609690826525 18 19 9
42 9 280 19.0 22.516660498395403 20 21 10
42 10 280 20.0 24.24871130596428 22 23 11
42 11 280 21.0 19.05255888325765 24 25 12
42 12 280 22.0 20.784609690826525 26 27 13
42 13 280 21.0 22.516660498395403 28 29 14
42 14 280 22.0 24.24871130596428 30 31 15
42 15 280 23.0 19.05255888325765 32 33 16
42 16 280 24.0 20.784609690826525 34 35 17
42 17 280 23.0 22.516660498395403 36 37 18
42 18 280 24.0 24.24871130596428 38 39 19
42 19 280 25.0 19.05255888325765 40 41 20
42 20 280 26.0 20.784609690826525 42 43 21
42 21 280 25.0 22.516660498395403 44 45 22
42 22 280 26.0 24.24871130596428 46 47 23
42 23 280 27.0 19.05255888325765 48 49 24
42 24 280 28.0 20.784609690826525 50 51 25
42 25 280 27.0 22.516660498395403 52 53 26
42 26 280 28.0 24.24871130596428 54 55 27
42 27 280 29.0 22.516660498395403 56 57 28
42 28 280 30.0 24.24871130596428 58 59 29
43 1 280 19.0 25.98076211353316 4 5 2
43 2 280 20.0 27.712812921102035 6 7 3
43 3 280 21.0 25.98076211353316 8 9 4
43 4 280 22.0 27.712812921102035 10 11 5
43 5 280 21.0 29.444863728670914 12 13 6
43 6 280 22.0 31.176914536239792 14 15 7
43 7 280 23.0 25.98076211353316 16 17 8
43 8 280 24.0 27.712812921102035 18 19 9
43 9 280 23.0 29.444863728670914 20 21 10
43 10 280 24.0 31.176914536239792 22 23 11
43 11 280 25.0 25.98076211353316 24 25 12
43 12 280 26.0 27.712812921102035 26 27 13
43 13 280 25.0 29.444863728670914 28 29 14
43 14 280 26.0 31.176914536239792 30 31 15
43 15 280 27.0 25.98076211353316 32 33 16
43 16 280 28.0 27.712812921102035 34 35 17
43 17 280 27.0 29.444863728670914 36 37 18
43 18 280 29.0 25.98076211353316 38 39 19
43 19 280 30.0 27.712812921102035 40 41 20
43 20 280 29.0 29.444863728670914 42 43 21
43 21 280 31.0 25.98076211353316 44 45 22
44 1 280 -5.0 -39.837168574084174 4 5 2
44 2 280 -4.0 -38.1051177665153 6 7 3
44 3 280 -3.0 -39.837168574084174 8 9 4
44 4 280 -2.0 -38.1051177665153 10 11 5
44 5 280 -1.0 -39.837168574084174 12 13 6
44 6 280 0.0 -38.1051177665153 14 15 7
44 7 280 1.0 -39.837168574084174 16 17 8
44 8 280 2.0 -38.1051177665153 18 19 9
44 9 280 3.0 -39.837168574084174 20 21 10
44 10 280 4.0 -38.1051177665153 22 23 11
44 11 280 5.0 -39.837168574084174 24 25 12
44 12 280 6.0 -38.1051177665153 26 27 13
44 13 280 7.0 -39.837168574084174 28 29 14
44 14 280 8.0 -38.1051177665153 30 31 15
45 1 280 -3.0 -36.37306695894642 4 5 2
45 2 280 -2.0 -34.64101615137754 6 7 3
45 3 280 -1.0 -36.37306695894642 8 9 4
45 4 280 0.0 -34.64101615137754 10 11 5
45 5 280 -1.0 -32.90896534380867 12 13 6
45 6 280 0.0 -31.176914536239792 14 15 7
45 7 280 1.0 -36.37306695894642 16 17 8
45 8 280 2.0 -34.64101615137754 18 19 9
45 9 280 1.0 -32.90896534380867 20 21 10
45 10 280 2.0 -31.176914536239792 22 23 11
45 11 280 3.0 -36.37306695894642 24 25 12
45 12 280 4.0 -34.64101615137754 26 27 13
45 13 280 3.0 -32.90896534380867 28 29 14
45 14 280 4.0 -31.176914536239792 30 31 15
45 15 280 5.0 -36.37306695894642 32 33 16
45 16 280 6.0 -34.64101615137754 34 35 17
45 17 280 5.0 -32.90896534380867 36 37 18
45 18 280 6.0 -31.176914536239792 38 39 19
45 19 280 7.0 -36.37306695894642 40 41 20
45 20 280 8.0 -34.64101615137754 42 43 21
45 21 280 7.0 -32.90896534380867 44 45 22
45 22 280 8.0 -31.176914536239792 46 47 23
45 23 280 9.0 -36.37306695894642 48 49 24
45 24 280 10.0 -34.64101615137754 50 51 25
45 25 280 9.0 -32.90896534380867 52 53 26
45 26 280 10.0 -31.176914536239792 54 55 27
45 27 280 11.0 -32.90896534380867 56 57 28
45 28 280 12.0 -31.176914536239792 58 59 29
46 1 280 1.0 -29.444863728670914 4 5 2
46 2 280 2.0 -27.712812921102035 6 7 3
46 3 280 3.0 -29.444863728670914 8 9 4
46 4 280 4.0 -27.712812921102035 10 11 5
46 5 280 3.0 -25.98076211353316 12 13 6
46 6 280 4.0 -24.24871130596428 14 15 7
46 7 280 5.0 -29.444863728670914 16 17 8
46 8 280 6.0 -27.712812921102035 18 19 9
46 9 280 5.0 -25.98076211353316 20 21 10
46 10 280 6.0 -24.24871130596428 22 23 11
46 11 280 7.0 -29.444863728670914 24 25 12
46 12 280 8.0 -27.712812921102035 26 27 13
46 13 280 7.0 -25.98076211353316 28 29 14
46 14 280 8.0 -24.24871130596428 30 31 15
46 15 280 9.0 -29.444863728670914 32 33 16
46 16 280 10.0 -27.712812921102035 34 35 17
46 17 280 9.0 -25.98076211353316 36 37 18
46 18 280 10.0 -24.24871130596428 38 39 19
46 19 280 11.0 -29.444863728670914 40 41 20
46 20 280 12.0 -27.712812921102035 42 43 21
46 21 280 11.0 -25.98076211353316 44 45 22
46 22 280 12.0 -24.24871130596428 46 47 23
46 23 280 13.0 -29.444863728670914 48 49 24
46 24 280 14.0 -27.712812921102035 50 51 25
46 25 280 13.0 -25.98076211353316 52 53 26
46 26 280 14.0 -24.24871130596428 54 55 27
46 27 280 15.0 -25.98076211353316 56 57 28
46 28 280 16.0 -24.24871130596428 58 59 29
47 1 280 5.0 -22.516660498395403 4 5 2
47 2 280 6.0 -20.784609690826525 6 7 3
47 3 280 7.0 -22.516660498395403 8 9 4
47 4 280 8.0 -20.784609690826525 10 11 5
47 5 280 7.0 -19.05255888325765 12 13 6
47 6 280 8.0 -17.32050807568877 14 15 7
47 7 280 9.0 -22.516660498395403 16 17 8
47 8 280 10.0 -20.784609690826525 18 19 9
47 9 280 9.0 -19.05255888325765 20 21 10
47 10 280 10.0 -17.32050807568877 22 23 11
47 11 280 11.0 -22.516660498395403 24 25 12
47 12 280 12.0 -20.784609690826525 26 27 13
47 13 280 11.0 -19.05255888325765 28 29 14
47 14 280 12.0 -17.32050807568877 30 31 15
47 15 280 13.0 -22.516660498395403 32 33 16
47 16 280 14.0 -20.784609690826525 34 35 17
47 17 280 13.0 -19.05255888325765 36 37 18
47 18 280 14.0 -17.32050807568877 38 39 19
47 19 280 15.0 -22.516660498395403 40 41 20
47 20 280 16.0 -20.784609690826525 42 43 21
47 21 280 15.0 -19.05255888325765 44 45 22
47 22 280 16.0 -17.32050807568877 46 47 23
47 23 280 17.0 -22.516660498395403 48 49 24
47 24 280 18.0 -20.784609690826525 50 51 25
47 25 280 17.0 -19.05255888325765 52 53 26
47 26 280 18.0 -17.32050807568877 54 55 27
47 27 280 19.0 -19.05255888325765 56 57 28
47 28 280 20.0 -17.32050807568877 58 59 29
48 1 280 9.0 -15.588457268119896 4 5 2
48 2 280 10.0 -13.856406460551018 6 7 3
48 3 280 11.0 -15.588457268119896 8 9 4
48 4 280 12.0 -13.856406460551018 10 11 5
48 5 280 11.0 -12.12435565298214 12 13 6
48 6 280 12.0 -10.392304845413262 14 15 7
48 7 280 13.0 -15.588457268119896 16 17 8
48 8 280 14.0 -13.856406460551018 18 19 9
48 9 280 13.0 -12.12435565298214 20 21 10
48 10 280 14.0 -10.392304845413262 22 23 11
48 11 280 15.0 -15.588457268119896 24 25 12
48 12 280 16.0 -13.856406460551018 26 27 13
48 13 280 15.0 -12.12435565298214 28 29 14
48 14 280 16.0 -10.392304845413262 30 31 15
48 15 280 17.0 -15.588457268119896 32 33 16
48 16 280 18.0 -13.856406460551018 34 35 17
48 17 280 17.0 -12.12435565298214 36 37 18
48 18 280 18.0 -10.392304845413262 38 39 19
48 19 280 19.0 -15.588457268119896 40 41 20
48 20 280 20.0 -13.856406460551018 42 43 21
48 21 280 19.0 -12.12435565298214 44 45 22
48 22 280 20.0 -10.392304845413262 46 47 23
48 23 280 21.0 -15.588457268119896 48 49 24
48 24 280 22.0 -13.856406460551018 50 51 25
48 25 280 21.0 -12.12435565298214 52 53 26
48 26 280 22.0 -10.392304845413262 54 55 27
48 27 280 23.0 -12.12435565298214 56 57 28
48 28 280 24.0 -10.392304845413262 58 59 29
49 1 280 13.0 -8.660254037844386 4 5 2
49 2 280 14.0 -6.928203230275509 6 7 3
49 3 280 15.0 -8.660254037844386 8 9 4
49 4 280 16.0 -6.928203230275509 10 11 5
49 5 280 15.0 -5.196152422706631 12 13 6
49 6 280 16.0 -3.4641016151377544 14 15 7
49 7 280 17.0 -8.660254037844386 16 17 8
49 8 280 18.0 -6.928203230275509 18 19 9
49 9 280 17.0 -5.196152422706631 20 21 10
49 10 280 18.0 -3.4641016151377544 22 23 11
49 11 280 19.0 -8.660254037844386 24 25 12
49 12 280 20.0 -6.928203230275509 26 27 13
49 13 280 19.0 -5.196152422706631 28 29 14
49 14 280 20.0 -3.4641016151377544 30 31 15
49 15 280 21.0 -8.660254037844386 32 33 16
49 16 280 22.0 -6.928203230275509 34 35 17
49 17 280 21.0 -5.196152422706631 36 37 18
49 18 280 22.0 -3.4641016151377544 38 39 19
49 19 280 23.0 -8.660254037844386 40 41 20
49 20 280 24.0 -6.928203230275509 42 43 21
49 21 280 23.0 -5.196152422706631 44 45 22
49 22 280 24.0 -3.4641016151377544 46 47 23
49 23 280 25.0 -8.660254037844386 48 49 24
49 24 280 26.0 -6.928203230275509 50 51 25
49 25 280 25.0 -5.196152422706631 52 53 26
49 26 280 26.0 -3.4641016151377544 54 55 27
49 27 280 27.0 -5.196152422706631 56 57 28
49 28 280 28.0 -3.4641016151377544 58 59 29
50 1 280 17.0 -1.7320508075688772 4 5 2
50 2 280 18.0 0.0 6 7 3
50 3 280 19.0 -1.7320508075688772 8 9 4
50 4 280 20.0 0.0 10 11 5
50 5 280 19.0 1.7320508075688772 12 13 6
50 6 280 20.0 3.4641016151377544 14 15 7
50 7 280 21.0 -1.7320508075688772 16 17 8
50 8 280 22.0 0.0 18 19 9
50 9 280 21.0 1.7320508075688772 20 21 10
50 10 280 22.0 3.4641016151377544 22 23 11
50 11 280 23.0 -1.7320508075688772 24 25 12
50 12 280 24.0 0.0 26 27 13
50 13 280 23.0 1.7320508075688772 28 29 14
50 14 280 24.0 3.4641016151377544 30 31 15
50 15 280 25.0 -1.7320508075688772 32 33 16
50 16 280 26.0 0.0 34 35 17
50 17 280 25.0 1.7320508075688772 36 37 18
50 18 280 26.0 3.4641016151377544 38 39 19
50 19 280 27.0 -1.7320508075688772 40 41 20
50 20 280 28.0 0.0 42 43 21
50 21 280 27.0 1.7320508075688772 44 45 22
50 22 280 28.0 3.4641016151377544 46 47 23
50 23 280 29.0 -1.7320508075688772 48 49 24
50 24 280 30.0 0.0 50 51 25
50 25 280 29.0 1.7320508075688772 52 53 26
50 26 280 30.0 3.4641016151377544 54 55 27
50 27 280 31.0 1.7320508075688772 56 57 28
50 28 280 32.0 3.4641016151377544 58 59 29
51 1 280 21.0 5.196152422706631 4 5 2
51 2 280 22.0 6.928203230275509 6 7 3
51 3 280 23.0 5.196152422706631 8 9 4
51 4 280 24.0 6.928203230275509 10 11 5
51 5 280 23.0 8.660254037844386 12 13 6
51 6 280 24.0 10.392304845413262 14 15 7
51 7 280 25.0 5.196152422706631 16 17 8
51 8 280 26.0 6.928203230275509 18 19 9
51 9 280 25.0 8.660254037844386 20 21 10
51 10 280 26.0 10.392304845413262 22 23 11
51 11 280 27.0 5.196152422706631 24 25 12
51 12 280 28.0 6.928203230275509 26 27 13
51 13 280 27.0 8.660254037844386 28 29 14
51 14 280 28.0 10.392304845413262 30 31 15
51 15 280 29.0 5.196152422706631 32 33 16
51 16 280 30.0 6.928203230275509 34 35 17
51 17 280 29.0 8.660254037844386 36 37 18
51 18 280 30.0 10.392304845413262 38 39 19
51 19 280 31.0 5.196152422706631 40 41 20
51 20 280 32.0 6.928203230275509 42 43 21
51 21 280 31.0 8.660254037844386 44 45 22
51 22 280 32.0 10.392304845413262 46 47 23
51 23 280 33.0 5.196152422706631 48 49 24
51 24 280 34.0 6.928203230275509 50 51 25
51 25 280 33.0 8.660254037844386 52 53 26
51 26 280 34.0 10.392304845413262 54 55 27
51 27 280 35.0 8.660254037844386 56 57 28
51 28 280 36.0 10.392304845413262 58 59 29
52 1 280 25.0 12.12435565298214 4 5 2
52 2 280 26.0 13.856406460551018 6 7 3
52 3 280 27.0 12.12435565298214 8 9 4
52 4 280 28.0 13.856406460551018 10 11 5
52 5 280 27.0 15.588457268119896 12 13 6
52 6 280 28.0 17.32050807568877 14 15 7
52 7 280 29.0 12.12435565298214 16 17 8
52 8 280 30.0 13.856406460551018 18 19 9
52 9 280 29.0 15.588457268119896 20 21 10
52 10 280 30.0 17.32050807568877 22 23 11
52 11 280 31.0 12.12435565298214 24 25 12
52 12 280 32.0 13.856406460551018 26 27 13
52 13 280 31.0 15.588457268119896 28 29 14
52 14 280 32.0 17.32050807568877 30 31 15
52 15 280 33.0 12.12435565298214 32 33 16
52 16 280 34.0 13.856406460551018 34 35 17
52 17 280 33.0 15.588457268119896 36 37 18
52 18 280 34.0 17.32050807568877 38 39 19
52 19 280 35.0 12.12435565298214 40 41 20
52 20 280 36.0 13.856406460551018 42 43 21
52 21 280 35.0 15.588457268119896 44 45 22
52 22 280 36.0 17.32050807568877 46 47 23
52 23 280 37.0 12.12435565298214 48 49 24
52 24 280 38.0 13.856406460551018 50 51 25
52 25 280 37.0 15.588457268119896 52 53 26
53 1 280 29.0 19.05255888325765 4 5 2
53 2 280 30.0 20.784609690826525 6 7 3
53 3 280 31.0 19.05255888325765 8 9 4
53 4 280 32.0 20.784609690826525 10 11 5
53 5 280 31.0 22.516660498395403 12 13 6
53 6 280 32.0 24.24871130596428 14 15 7
53 7 280 33.0 19.05255888325765 16 17 8
53 8 280 34.0 20.784609690826525 18 19 9
53 9 280 33.0 22.516660498395403 20 21 10
53 10 280 35.0 19.05255888325765 22 23 11
54 1 280 11.0 -36.37306695894642 4 5 2
54 2 280 12.0 -34.64101615137754 6 7 3
54 3 280 13.0 -36.37306695894642 8 9 4
54 4 280 14.0 -34.64101615137754 10 11 5
54 5 280 13.0 -32.90896534380867 12 13 6
54 6 280 14.0 -31.176914536239792 14 15 7
54 7 280 15.0 -36.37306695894642 16 17 8
54 8 280 16.0 -34.64101615137754 18 19 9
54 9 280 15.0 -32.90896534380867 20 21 10
54 10 280 16.0 -31.176914536239792 22 23 11
54 11 280 17.0 -36.37306695894642 24 25 12
54 12 280 18.0 -34.64101615137754 26 27 13
54 13 280 17.0 -32.90896534380867 28 29 14
54 14 280 18.0 -31.176914536239792 30 31 15
54 15 280 19.0 -36.37306695894642 32 33 16
54 16 280 20.0 -34.64101615137754 34 35 17
54 17 280 19.0 -32.90896534380867 36 37 18
54 18 280 20.0 -31.176914536239792 38 39 19
54 19 280 22.0 -34.64101615137754 40 41 20
54 20 280 21.0 -32.90896534380867 42 43 21
54 21 280 22.0 -31.176914536239792 44 45 22
54 22 280 23.0 -32.90896534380867 46 47 23
54 23 280 24.0 -31.176914536239792 48 49 24
54 24 280 25.0 -32.90896534380867 50 51 25
54 25 280 26.0 -31.176914536239792 52 53 26
55 1 280 15.0 -29.444863728670914 4 5 2
55 2 280 16.0 -27.712812921102035 6 7 3
55 3 280 17.0 -29.444863728670914 8 9 4
55 4 280 18.0 -27.712812921102035 10 11 5
55 5 280 17.0 -25.98076211353316 12 13 6
55 6 280 18.0 -24.24871130596428 14 15 7
55 7 280 19.0 -29.444863728670914 16 17 8
55 8 280 20.0 -27.712812921102035 18 19 9
55 9 280 19.0 -25.98076211353316 20 21 10
55 10 280 20.0 -24.24871130596428 22 23 11
55 11 280 21.0 -29.444863728670914 24 25 12
55 12 280 22.0 -27.712812921102035 26 27 13
55 13 280 21.0 -25.98076211353316 28 29 14
55 14 280 22.0 -24.24871130596428 30 31 15
55 15 280 23.0 -29.444863728670914 32 33 16
55 16 280 24.0 -27.712812921102035 34 35 17
55 17 280 23.0 -25.98076211353316 36 37 18
55 18 280 24.0 -24.24871130596428 38 39 19
55 19 280 25.0 -29.444863728670914 40 41 20
55 20 280 26.0 -27.712812921102035 42 43 21
55 21 280 25.0 -25.98076211353316 44 45 22
55 22 280 26.0 -24.24871130596428 46 47 23
55 23 280 27.0 -29.444863728670914 48 49 24
55 24 280 28.0 -27.712812921102035 50 51 25
55 25 280 27.0 -25.98076211353316 52 53 26
55 26 280 28.0 -24.24871130596428 54 55 27
55 27 280 29.0 -25.98076211353316 56 57 28
55 28 280 30.0 -24.24871130596428 58 59 29
56 1 280 19.0 -22.516660498395403 4 5 2
56 2 280 20.0 -20.784609690826525 6 7 3
56 3 280 21.0 -22.516660498395403 8 9 4
56 4 280 22.0 -20.784609690826525 10 11 5
56 5 280 21.0 -19.05255888325765 12 13 6
56 6 280 22.0 -17.32050807568877 14 15 7
56 7 280 23.0 -22.516660498395403 16 17 8
56 8 280 24.0 -20.784609690826525 18 19 9
56 9 280 23.0 -19.05255888325765 20 21 10
56 10 280 24.0 -17.32050807568877 22 23 11
56 11 280 25.0 -22.516660498395403 24 25 12
56 12 280 26.0 -20.784609690826525 26 27 13
56 13 280 25.0 -19.05255888325765 28 29 14
56 14 280 26.0 -17.32050807568877 30 31 15
56 15 280 27.0 -22.516660498395403 32 33 16
56 16 280 28.0 -20.784609690826525 34 35 17
56 17 280 27.0 -19.05255888325765 36 37 18
56 18 280 28.0 -17.32050807568877 38 39 19
56 19 280 29.0 -22.516660498395403 40 41 20
56 20 280 30.0 -20.784609690826525 42 43 21
56 21 280 29.0 -19.05255888325765 44 45 22
56 22 280 30.0 -17.32050807568877 46 47 23
56 23 280 31.0 -22.516660498395403 48 49 24
56 24 280 32.0 -20.784609690826525 50 51 25
56 25 280 31.0 -19.05255888325765 52 53 26
56 26 280 32.0 -17.32050807568877 54 55 27
56 27 280 33.0 -19.05255888325765 56 57 28
56 28 280 34.0 -17.32050807568877 58 59 29
57 1 280 23.0 -15.588457268119896 4 5 2
57 2 280 24.0 -13.856406460551018 6 7 3
57 3 280 25.0 -15.588457268119896 8 9 4
57 4 280 26.0 -13.856406460551018 10 11 5
57 5 280 25.0 -12.12435565298214 12 13 6
57 6 280 26.0 -10.392304845413262 14 15 7
57 7 280 27.0 -15.588457268119896 16 17 8
57 8 280 28.0 -13.856406460551018 18 19 9
57 9 280 27.0 -12.12435565298214 20 21 10
57 10 280 28.0 -10.392304845413262 22 23 11
57 11 280 29.0 -15.588457268119896 24 25 12
57 12 280 30.0 -13.856406460551018 26 27 13
57 13 280 29.0 -12.12435565298214 28 29 14
57 14 280 30.0 -10.392304845413262 30 31 15
57 15 280 31.0 -15.588457268119896 32 33 16
57 16 280 32.0 -13.856406460551018 34 35 17
57 17 280 31.0 -12.12435565298214 36 37 18
57 18 280 32.0 -10.392304845413262 38 39 19
57 19 280 33.0 -15.588457268119896 40 41 20
57 20 280 34.0 -13.856406460551018 42 43 21
57 21 280 33.0 -12.12435565298214 44 45 22
57 22 280 34.0 -10.392304845413262 46 47 23
57 23 280 35.0 -15.588457268119896 48 49 24
57 24 280 36.0 -13.856406460551018 50 51 25
57 25 280 35.0 -12.12435565298214 52 53 26
57 26 280 36.0 -10.392304845413262 54 55 27
57 27 280 37.0 -12.12435565298214 56 57 28
57 28 280 38.0 -10.392304845413262 58 59 29
58 1 280 27.0 -8.660254037844386 4 5 2
58 2 280 28.0 -6.928203230275509 6 7 3
58 3 280 29.0 -8.660254037844386 8 9 4
58 4 280 30.0 -6.928203230275509 10 11 5
58 5 280 29.0 -5.196152422706631 12 13 6
58 6 280 30.0 -3.4641016151377544 14 15 7
58 7 280 31.0 -8.660254037844386 16 17 8
58 8 280 32.0 -6.928203230275509 18 19 9
58 9 280 31.0 -5.196152422706631 20 21 10
58 10 280 32.0 -3.4641016151377544 22 23 11
58 11 280 33.0 -8.660254037844386 24 25 12
58 12 280 34.0 -6.928203230275509 26 27 13
58 13 280 33.0 -5.196152422706631 28 29 14
58 14 280 34.0 -3.4641016151377544 30 31 15
58 15 280 35.0 -8.660254037844386 32 33 16
58 16 280 36.0 -6.928203230275509 34 35 17
58 17 280 35.0 -5.196152422706631 36 37 18
58 18 280 36.0 -3.4641016151377544 38 39 19
58 19 280 37.0 -8.660254037844386 40 41 20
58 20 280 38.0 -6.928203230275509 42 43 21
58 21 280 37.0 -5.196152422706631 44 45 22
58 22 280 38.0 -3.4641016151377544 46 47 23
58 23 280 39.0 -8.660254037844386 48 49 24
58 24 280 40.0 -6.928203230275509 50 51 25
58 25 280 39.0 -5.196152422706631 52 53 26
58 26 280 40.0 -3.4641016151377544 54 55 27
58 27 280 41.0 -5.196152422706631 56 57 28
59 1 280 31.0 -1.7320508075688772 4 5 2
59 2 280 32.0 0.0 6 7 3
59 3 280 33.0 -1.7320508075688772 8 9 4
59 4 280 34.0 0.0 10 11 5
59 5 280 33.0 1.7320508075688772 12 13 6
59 6 280 34.0 3.4641016151377544 14 15 7
59 7 280 35.0 -1.7320508075688772 16 17 8
59 8 280 36.0 0.0 18 19 9
59 9 280 35.0 1.7320508075688772 20 21 10
59 10 280 36.0 3.4641016151377544 22 23 11
59 11 280 37.0 -1.7320508075688772 24 25 12
59 12 280 38.0 0.0 26 27 13
59 13 280 37.0 1.7320508075688772 28 29 14
59 14 280 38.0 3.4641016151377544 30 31 15
59 15 280 39.0 -1.7320508075688772 32 33 16
59 16 280 40.0 0.0 34 35 17
59 17 280 39.0 1.7320508075688772 36 37 18
59 18 280 40.0 3.4641016151377544 38 39 19
59 19 280 41.0 -1.7320508075688772 40 41 20
59 20 280 41.0 1.7320508075688772 42 43 21
60 1 280 35.0 5.196152422706631 4 5 2
60 2 280 36.0 6.928203230275509 6 7 3
60 3 280 37.0 5.196152422706631 8 9 4
60 4 280 38.0 6.928203230275509 10 11 5
60 5 280 37.0 8.660254037844386 12 13 6
60 6 280 38.0 10.392304845413262 14 15 7
60 7 280 39.0 5.196152422706631 16 17 8
60 8 280 40.0 6.928203230275509 18 19 9
60 9 280 39.0 8.660254037844386 20 21 10
60 10 280 40.0 10.392304845413262 22 23 11
60 11 280 41.0 5.196152422706631 24 25 12
