1 1 280 -40.5 7.794228634059948 4 5 2
1 2 280 -39.0 10.392304845413262 6 7 3
1 3 280 -37.5 7.794228634059948 8 9 4
1 4 280 -36.0 10.392304845413262 10 11 5
1 5 280 -37.5 12.99038105676658 12 13 6
1 6 280 -36.0 15.588457268119896 14 15 7
1 7 280 -34.5 7.794228634059948 16 17 8
1 8 280 -33.0 10.392304845413262 18 19 9
1 9 280 -34.5 12.99038105676658 20 21 10
1 10 280 -33.0 15.588457268119896 22 23 11
1 11 280 -31.5 12.99038105676658 24 25 12
1 12 280 -30.0 15.588457268119896 26 27 13
2 1 280 -34.5 18.18653347947321 4 5 2
2 2 280 -33.0 20.784609690826525 6 7 3
2 3 280 -31.5 18.18653347947321 8 9 4
2 4 280 -30.0 20.784609690826525 10 11 5
2 5 280 -31.5 23.38268590217984 12 13 6
2 6 280 -30.0 25.98076211353316 14 15 7
2 7 280 -28.5 18.18653347947321 16 17 8
2 8 280 -27.0 20.784609690826525 18 19 9
2 9 280 -28.5 23.38268590217984 20 21 10
2 10 280 -27.0 25.98076211353316 22 23 11
2 11 280 -25.5 23.38268590217984 24 25 12
2 12 280 -24.0 25.98076211353316 26 27 13
3 1 280 -36.0 -15.588457268119896 4 5 2
3 2 280 -33.0 -20.784609690826525 6 7 3
3 3 280 -34.5 -18.18653347947321 8 9 4
3 4 280 -33.0 -15.588457268119896 10 11 5
3 5 280 -31.5 -23.38268590217984 12 13 6
3 6 280 -30.0 -20.784609690826525 14 15 7
3 7 280 -31.5 -18.18653347947321 16 17 8
3 8 280 -30.0 -15.588457268119896 18 19 9
3 9 280 -28.5 -18.18653347947321 20 21 10
3 10 280 -27.0 -15.588457268119896 22 23 11
4 1 280 -39.0 -10.392304845413262 4 5 2
4 2 280 -40.5 -7.794228634059948 6 7 3
4 3 280 -39.0 -5.196152422706631 8 9 4
4 4 280 -37.5 -12.99038105676658 10 11 5
4 5 280 -36.0 -10.392304845413262 12 13 6
4 6 280 -37.5 -7.794228634059948 14 15 7
4 7 280 -36.0 -5.196152422706631 16 17 8
4 8 280 -34.5 -12.99038105676658 18 19 9
4 9 280 -33.0 -10.392304845413262 20 21 10
4 10 280 -34.5 -7.794228634059948 22 23 11
4 11 280 -33.0 -5.196152422706631 24 25 12
4 12 280 -31.5 -12.99038105676658 26 27 13
4 13 280 -30.0 -10.392304845413262 28 29 14
4 14 280 -31.5 -7.794228634059948 30 31 15
4 15 280 -30.0 -5.196152422706631 32 33 16
4 16 280 -28.5 -12.99038105676658 34 35 17
4 17 280 -27.0 -10.392304845413262 36 37 18
4 18 280 -28.5 -7.794228634059948 38 39 19
4 19 280 -27.0 -5.196152422706631 40 41 20
4 20 280 -25.5 -12.99038105676658 42 43 21
4 21 280 -24.0 -10.392304845413262 44 45 22
4 22 280 -25.5 -7.794228634059948 46 47 23
4 23 280 -24.0 -5.196152422706631 48 49 24
4 24 280 -22.5 -7.794228634059948 50 51 25
4 25 280 -21.0 -5.196152422706631 52 53 26
5 1 280 -37.5 -2.5980762113533156 4 5 2
5 2 280 -36.0 0.0 6 7 3
5 3 280 -34.5 -2.5980762113533156 8 9 4
5 4 280 -33.0 0.0 10 11 5
5 5 280 -34.5 2.5980762113533156 12 13 6
5 6 280 -33.0 5.196152422706631 14 15 7
5 7 280 -31.5 -2.5980762113533156 16 17 8
5 8 280 -30.0 0.0 18 19 9
5 9 280 -31.5 2.5980762113533156 20 21 10
5 10 280 -30.0 5.196152422706631 22 23 11
5 11 280 -28.5 -2.5980762113533156 24 25 12
5 12 280 -27.0 0.0 26 27 13
5 13 280 -28.5 2.5980762113533156 28 29 14
5 14 280 -27.0 5.196152422706631 30 31 15
5 15 280 -25.5 -2.5980762113533156 32 33 16
5 16 280 -24.0 0.0 34 35 17
5 17 280 -25.5 2.5980762113533156 36 37 18
5 18 280 -24.0 5.196152422706631 38 39 19
5 19 280 -22.5 -2.5980762113533156 40 41 20
5 20 280 -21.0 0.0 42 43 21
5 21 280 -22.5 2.5980762113533156 44 45 22
5 22 280 -21.0 5.196152422706631 46 47 23
5 23 280 -19.5 -2.5980762113533156 48 49 24
5 24 280 -18.0 0.0 50 51 25
5 25 280 -19.5 2.5980762113533156 52 53 26
5 26 280 -18.0 5.196152422706631 54 55 27
5 27 280 -16.5 2.5980762113533156 56 57 28
5 28 280 -15.0 5.196152422706631 58 59 29
6 1 280 -31.5 7.794228634059948 4 5 2
6 2 280 -30.0 10.392304845413262 6 7 3
6 3 280 -28.5 7.794228634059948 8 9 4
6 4 280 -27.0 10.392304845413262 10 11 5
6 5 280 -28.5 12.99038105676658 12 13 6
6 6 280 -27.0 15.588457268119896 14 15 7
6 7 280 -25.5 7.794228634059948 16 17 8
6 8 280 -24.0 10.392304845413262 18 19 9
6 9 280 -25.5 12.99038105676658 20 21 10
6 10 280 -24.0 15.588457268119896 22 23 11
6 11 280 -22.5 7.794228634059948 24 25 12
6 12 280 -21.0 10.392304845413262 26 27 13
6 13 280 -22.5 12.99038105676658 28 29 14
6 14 280 -21.0 15.588457268119896 30 31 15
6 15 280 -19.5 7.794228634059948 32 33 16
6 16 280 -18.0 10.392304845413262 34 35 17
6 17 280 -19.5 12.99038105676658 36 37 18
6 18 280 -18.0 15.588457268119896 38 39 19
6 19 280 -16.5 7.794228634059948 40 41 20
6 20 280 -15.0 10.392304845413262 42 43 21
6 21 280 -16.5 12.99038105676658 44 45 22
6 22 280 -15.0 15.588457268119896 46 47 23
6 23 280 -13.5 7.794228634059948 48 49 24
6 24 280 -12.0 10.392304845413262 50 51 25
6 25 280 -13.5 12.99038105676658 52 53 26
6 26 280 -12.0 15.588457268119896 54 55 27
6 27 280 -10.5 12.99038105676658 56 57 28
6 28 280 -9.0 15.588457268119896 58 59 29
7 1 280 -25.5 18.18653347947321 4 5 2
7 2 280 -24.0 20.784609690826525 6 7 3
7 3 280 -22.5 18.18653347947321 8 9 4
7 4 280 -21.0 20.784609690826525 10 11 5
7 5 280 -22.5 23.38268590217984 12 13 6
7 6 280 -21.0 25.98076211353316 14 15 7
7 7 280 -19.5 18.18653347947321 16 17 8
7 8 280 -18.0 20.784609690826525 18 19 9
7 9 280 -19.5 23.38268590217984 20 21 10
7 10 280 -18.0 25.98076211353316 22 23 11
7 11 280 -16.5 18.18653347947321 24 25 12
7 12 280 -15.0 20.784609690826525 26 27 13
7 13 280 -16.5 23.38268590217984 28 29 14
7 14 280 -15.0 25.98076211353316 30 31 15
7 15 280 -13.5 18.18653347947321 32 33 16
7 16 280 -12.0 20.784609690826525 34 35 17
7 17 280 -13.5 23.38268590217984 36 37 18
7 18 280 -12.0 25.98076211353316 38 39 19
7 19 280 -10.5 18.18653347947321 40 41 20
7 20 280 -9.0 20.784609690826525 42 43 21
7 21 280 -10.5 23.38268590217984 44 45 22
7 22 280 -9.0 25.98076211353316 46 47 23
7 23 280 -7.5 18.18653347947321 48 49 24
7 24 280 -6.0 20.784609690826525 50 51 25
7 25 280 -7.5 23.38268590217984 52 53 26
7 26 280 -6.0 25.98076211353316 54 55 27
7 27 280 -4.5 23.38268590217984 56 57 28
7 28 280 -3.0 25.98076211353316 58 59 29
8 1 280 -19.5 28.578838324886476 4 5 2
8 2 280 -18.0 31.176914536239792 6 7 3
8 3 280 -16.5 28.578838324886476 8 9 4
8 4 280 -15.0 31.176914536239792 10 11 5
8 5 280 -16.5 33.774990747593094 12 13 6
8 6 280 -15.0 36.37306695894642 14 15 7
8 7 280 -13.5 28.578838324886476 16 17 8
8 8 280 -12.0 31.176914536239792 18 19 9
8 9 280 -13.5 33.774990747593094 20 21 10
8 10 280 -12.0 36.37306695894642 22 23 11
8 11 280 -10.5 28.578838324886476 24 25 12
8 12 280 -9.0 31.176914536239792 26 27 13
8 13 280 -10.5 33.774990747593094 28 29 14
8 14 280 -9.0 36.37306695894642 30 31 15
8 15 280 -7.5 28.578838324886476 32 33 16
8 16 280 -6.0 31.176914536239792 34 35 17
8 17 280 -7.5 33.774990747593094 36 37 18
8 18 280 -6.0 36.37306695894642 38 39 19
8 19 280 -4.5 28.578838324886476 40 41 20
8 20 280 -3.0 31.176914536239792 42 43 21
8 21 280 -4.5 33.774990747593094 44 45 22
8 22 280 -3.0 36.37306695894642 46 47 23
8 23 280 -1.5 28.578838324886476 48 49 24
8 24 280 0.0 31.176914536239792 50 51 25
8 25 280 -1.5 33.774990747593094 52 53 26
8 26 280 0.0 36.37306695894642 54 55 27
8 27 280 1.5 33.774990747593094 56 57 28
8 28 280 3.0 36.37306695894642 58 59 29
9 1 280 -30.0 -25.98076211353316 4 5 2
9 2 280 -27.0 -31.176914536239792 6 7 3
9 3 280 -28.5 -28.578838324886476 8 9 4
9 4 280 -27.0 -25.98076211353316 10 11 5
9 5 280 -24.0 -31.176914536239792 12 13 6
9 6 280 -25.5 -28.578838324886476 14 15 7
9 7 280 -24.0 -25.98076211353316 16 17 8
9 8 280 -22.5 -33.774990747593094 18 19 9
9 9 280 -21.0 -31.176914536239792 20 21 10
9 10 280 -22.5 -28.578838324886476 22 23 11
9 11 280 -21.0 -25.98076211353316 24 25 12
9 12 280 -19.5 -33.774990747593094 26 27 13
9 13 280 -18.0 -31.176914536239792 28 29 14
9 14 280 -19.5 -28.578838324886476 30 31 15
9 15 280 -18.0 -25.98076211353316 32 33 16
9 16 280 -16.5 -33.774990747593094 34 35 17
9 17 280 -15.0 -31.176914536239792 36 37 18
9 18 280 -16.5 -28.578838324886476 38 39 19
9 19 280 -15.0 -25.98076211353316 40 41 20
9 20 280 -13.5 -28.578838324886476 42 43 21
9 21 280 -12.0 -25.98076211353316 44 45 22
10 1 280 -28.5 -23.38268590217984 4 5 2
10 2 280 -27.0 -20.784609690826525 6 7 3
10 3 280 -25.5 -23.38268590217984 8 9 4
10 4 280 -24.0 -20.784609690826525 10 11 5
10 5 280 -25.5 -18.18653347947321 12 13 6
10 6 280 -24.0 -15.588457268119896 14 15 7
10 7 280 -22.5 -23.38268590217984 16 17 8
10 8 280 -21.0 -20.784609690826525 18 19 9
10 9 280 -22.5 -18.18653347947321 20 21 10
10 10 280 -21.0 -15.588457268119896 22 23 11
10 11 280 -19.5 -23.38268590217984 24 25 12
10 12 280 -18.0 -20.784609690826525 26 27 13
10 13 280 -19.5 -18.18653347947321 28 29 14
10 14 280 -18.0 -15.588457268119896 30 31 15
10 15 280 -16.5 -23.38268590217984 32 33 16
10 16 280 -15.0 -20.784609690826525 34 35 17
10 17 280 -16.5 -18.18653347947321 36 37 18
10 18 280 -15.0 -15.588457268119896 38 39 19
10 19 280 -13.5 -23.38268590217984 40 41 20
10 20 280 -12.0 -20.784609690826525 42 43 21
10 21 280 -13.5 -18.18653347947321 44 45 22
10 22 280 -12.0 -15.588457268119896 46 47 23
10 23 280 -10.5 -23.38268590217984 48 49 24
10 24 280 -9.0 -20.784609690826525 50 51 25
10 25 280 -10.5 -18.18653347947321 52 53 26
10 26 280 -9.0 -15.588457268119896 54 55 27
10 27 280 -7.5 -18.18653347947321 56 57 28
10 28 280 -6.0 -15.588457268119896 58 59 29
11 1 280 -22.5 -12.99038105676658 4 5 2
11 2 280 -21.0 -10.392304845413262 6 7 3
11 3 280 -19.5 -12.99038105676658 8 9 4
11 4 280 -18.0 -10.392304845413262 10 11 5
11 5 280 -19.5 -7.794228634059948 12 13 6
11 6 280 -18.0 -5.196152422706631 14 15 7
11 7 280 -16.5 -12.99038105676658 16 17 8
11 8 280 -15.0 -10.392304845413262 18 19 9
11 9 280 -16.5 -7.794228634059948 20 21 10
11 10 280 -15.0 -5.196152422706631 22 23 11
11 11 280 -13.5 -12.99038105676658 24 25 12
11 12 280 -12.0 -10.392304845413262 26 27 13
11 13 280 -13.5 -7.794228634059948 28 29 14
11 14 280 -12.0 -5.196152422706631 30 31 15
11 15 280 -10.5 -12.99038105676658 32 33 16
11 16 280 -9.0 -10.392304845413262 34 35 17
11 17 280 -10.5 -7.794228634059948 36 37 18
11 18 280 -9.0 -5.196152422706631 38 39 19
11 19 280 -7.5 -12.99038105676658 40 41 20
11 20 280 -6.0 -10.392304845413262 42 43 21
11 21 280 -7.5 -7.794228634059948 44 45 22
11 22 280 -6.0 -5.196152422706631 46 47 23
11 23 280 -4.5 -12.99038105676658 48 49 24
11 24 280 -3.0 -10.392304845413262 50 51 25
11 25 280 -4.5 -7.794228634059948 52 53 26
11 26 280 -3.0 -5.196152422706631 54 55 27
11 27 280 -1.5 -7.794228634059948 56 57 28
11 28 280 0.0 -5.196152422706631 58 59 29
12 1 280 -16.5 -2.5980762113533156 4 5 2
12 2 280 -15.0 0.0 6 7 3
12 3 280 -13.5 -2.5980762113533156 8 9 4
12 4 280 -12.0 0.0 10 11 5
12 5 280 -13.5 2.5980762113533156 12 13 6
12 6 280 -12.0 5.196152422706631 14 15 7
12 7 280 -10.5 -2.5980762113533156 16 17 8
12 8 280 -9.0 0.0 18 19 9
12 9 280 -10.5 2.5980762113533156 20 21 10
12 10 280 -9.0 5.196152422706631 22 23 11
12 11 280 -7.5 -2.5980762113533156 24 25 12
12 12 280 -6.0 0.0 26 27 13
12 13 280 -7.5 2.5980762113533156 28 29 14
12 14 280 -6.0 5.196152422706631 30 31 15
12 15 280 -4.5 -2.5980762113533156 32 33 16
12 16 280 -3.0 0.0 34 35 17
12 17 280 -4.5 2.5980762113533156 36 37 18
12 18 280 -3.0 5.196152422706631 38 39 19
12 19 280 -1.5 -2.5980762113533156 40 41 20
12 20 280 0.0 0.0 42 43 21
12 21 280 -1.5 2.5980762113533156 44 45 22
12 22 280 0.0 5.196152422706631 46 47 23
12 23 280 1.5 -2.5980762113533156 48 49 24
12 24 280 3.0 0.0 50 51 25
12 25 280 1.5 2.5980762113533156 52 53 26
12 26 280 3.0 5.196152422706631 54 55 27
12 27 280 4.5 2.5980762113533156 56 57 28
12 28 280 6.0 5.196152422706631 58 59 29
13 1 280 -10.5 7.794228634059948 4 5 2
13 2 280 -9.0 10.392304845413262 6 7 3
13 3 280 -7.5 7.794228634059948 8 9 4
13 4 280 -6.0 10.392304845413262 10 11 5
13 5 280 -7.5 12.99038105676658 12 13 6
13 6 280 -6.0 15.588457268119896 14 15 7
13 7 280 -4.5 7.794228634059948 16 17 8
13 8 280 -3.0 10.392304845413262 18 19 9
13 9 280 -4.5 12.99038105676658 20 21 10
13 10 280 -3.0 15.588457268119896 22 23 11
13 11 280 -1.5 7.794228634059948 24 25 12
13 12 280 0.0 10.392304845413262 26 27 13
13 13 280 -1.5 12.99038105676658 28 29 14
13 14 280 0.0 15.588457268119896 30 31 15
13 15 280 1.5 7.794228634059948 32 33 16
13 16 280 3.0 10.392304845413262 34 35 17
13 17 280 1.5 12.99038105676658 36 37 18
13 18 280 3.0 15.588457268119896 38 39 19
13 19 280 4.5 7.794228634059948 40 41 20
13 20 280 6.0 10.392304845413262 42 43 21
13 21 280 4.5 12.99038105676658 44 45 22
13 22 280 6.0 15.588457268119896 46 47 23
13 23 280 7.5 7.794228634059948 48 49 24
13 24 280 9.0 10.392304845413262 50 51 25
13 25 280 7.5 12.99038105676658 52 53 26
13 26 280 9.0 15.588457268119896 54 55 27
13 27 280 10.5 12.99038105676658 56 57 28
13 28 280 12.0 15.588457268119896 58 59 29
14 1 280 -4.5 18.18653347947321 4 5 2
14 2 280 -3.0 20.784609690826525 6 7 3
14 3 280 -1.5 18.18653347947321 8 9 4
14 4 280 0.0 20.784609690826525 10 11 5
14 5 280 -1.5 23.38268590217984 12 13 6
14 6 280 0.0 25.98076211353316 14 15 7
14 7 280 1.5 18.18653347947321 16 17 8
14 8 280 3.0 20.784609690826525 18 19 9
14 9 280 1.5 23.38268590217984 20 21 10
14 10 280 3.0 25.98076211353316 22 23 11
14 11 280 4.5 18.18653347947321 24 25 12
14 12 280 6.0 20.784609690826525 26 27 13
14 13 280 4.5 23.38268590217984 28 29 14
14 14 280 6.0 25.98076211353316 30 31 15
14 15 280 7.5 18.18653347947321 32 33 16
14 16 280 9.0 20.784609690826525 34 35 17
14 17 280 7.5 23.38268590217984 36 37 18
14 18 280 9.0 25.98076211353316 38 39 19
14 19 280 10.5 18.18653347947321 40 41 20
14 20 280 12.0 20.784609690826525 42 43 21
14 21 280 10.5 23.38268590217984 44 45 22
14 22 280 12.0 25.98076211353316 46 47 23
14 23 280 13.5 18.18653347947321 48 49 24
14 24 280 15.0 20.784609690826525 50 51 25
14 25 280 13.5 23.38268590217984 52 53 26
14 26 280 15.0 25.98076211353316 54 55 27
14 27 280 16.5 23.38268590217984 56 57 28
14 28 280 18.0 25.98076211353316 58 59 29
15 1 280 1.5 28.578838324886476 4 5 2
15 2 280 3.0 31.176914536239792 6 7 3
15 3 280 4.5 28.578838324886476 8 9 4
15 4 280 6.0 31.176914536239792 10 11 5
15 5 280 4.5 33.774990747593094 12 13 6
15 6 280 6.0 36.37306695894642 14 15 7
15 7 280 7.5 28.578838324886476 16 17 8
15 8 280 9.0 31.176914536239792 18 19 9
15 9 280 7.5 33.774990747593094 20 21 10
15 10 280 9.0 36.37306695894642 22 23 11
15 11 280 10.5 28.578838324886476 24 25 12
15 12 280 12.0 31.176914536239792 26 27 13
15 13 280 10.5 33.774990747593094 28 29 14
15 14 280 12.0 36.37306695894642 30 31 15
15 15 280 13.5 28.578838324886476 32 33 16
15 16 280 15.0 31.176914536239792 34 35 17
15 17 280 13.5 33.774990747593094 36 37 18
15 18 280 15.0 36.37306695894642 38 39 19
15 19 280 16.5 28.578838324886476 40 41 20
15 20 280 18.0 31.176914536239792 42 43 21
15 21 280 16.5 33.774990747593094 44 45 22
15 22 280 18.0 36.37306695894642 46 47 23
15 23 280 19.5 28.578838324886476 48 49 24
15 24 280 21.0 31.176914536239792 50 51 25
15 25 280 19.5 33.774990747593094 52 53 26
15 26 280 22.5 33.774990747593094 54 55 27
16 1 280 -15.0 -36.37306695894642 4 5 2
16 2 280 -13.5 -38.97114317029973 6 7 3
16 3 280 -12.0 -36.37306695894642 8 9 4
16 4 280 -10.5 -38.97114317029973 10 11 5
16 5 280 -9.0 -36.37306695894642 12 13 6
16 6 280 -7.5 -38.97114317029973 14 15 7
16 7 280 -6.0 -36.37306695894642 16 17 8
16 8 280 -4.5 -38.97114317029973 18 19 9
16 9 280 -3.0 -36.37306695894642 20 21 10
16 10 280 -1.5 -38.97114317029973 22 23 11
16 11 280 0.0 -36.37306695894642 24 25 12
16 12 280 1.5 -38.97114317029973 26 27 13
16 13 280 3.0 -36.37306695894642 28 29 14
17 1 280 -13.5 -33.774990747593094 4 5 2
17 2 280 -12.0 -31.176914536239792 6 7 3
17 3 280 -10.5 -33.774990747593094 8 9 4
17 4 280 -9.0 -31.176914536239792 10 11 5
17 5 280 -10.5 -28.578838324886476 12 13 6
17 6 280 -9.0 -25.98076211353316 14 15 7
17 7 280 -7.5 -33.774990747593094 16 17 8
17 8 280 -6.0 -31.176914536239792 18 19 9
17 9 280 -7.5 -28.578838324886476 20 21 10
17 10 280 -6.0 -25.98076211353316 22 23 11
17 11 280 -4.5 -33.774990747593094 24 25 12
17 12 280 -3.0 -31.176914536239792 26 27 13
17 13 280 -4.5 -28.578838324886476 28 29 14
17 14 280 -3.0 -25.98076211353316 30 31 15
17 15 280 -1.5 -33.774990747593094 32 33 16
17 16 280 0.0 -31.176914536239792 34 35 17
17 17 280 -1.5 -28.578838324886476 36 37 18
17 18 280 0.0 -25.98076211353316 38 39 19
17 19 280 1.5 -33.774990747593094 40 41 20
17 20 280 3.0 -31.176914536239792 42 43 21
17 21 280 1.5 -28.578838324886476 44 45 22
17 22 280 3.0 -25.98076211353316 46 47 23
17 23 280 4.5 -33.774990747593094 48 49 24
17 24 280 6.0 -31.176914536239792 50 51 25
17 25 280 4.5 -28.578838324886476 52 53 26
17 26 280 6.0 -25.98076211353316 54 55 27
17 27 280 7.5 -28.578838324886476 56 57 28
17 28 280 9.0 -25.98076211353316 58 59 29
18 1 280 -7.5 -23.38268590217984 4 5 2
18 2 280 -6.0 -20.784609690826525 6 7 3
18 3 280 -4.5 -23.38268590217984 8 9 4
18 4 280 -3.0 -20.784609690826525 10 11 5
18 5 280 -4.5 -18.18653347947321 12 13 6
18 6 280 -3.0 -15.588457268119896 14 15 7
18 7 280 -1.5 -23.38268590217984 16 17 8
18 8 280 0.0 -20.784609690826525 18 19 9
18 9 280 -1.5 -18.18653347947321 20 21 10
18 10 280 0.0 -15.588457268119896 22 23 11
18 11 280 1.5 -23.38268590217984 24 25 12
18 12 280 3.0 -20.784609690826525 26 27 13
18 13 280 1.5 -18.18653347947321 28 29 14
18 14 280 3.0 -15.588457268119896 30 31 15
18 15 280 4.5 -23.38268590217984 32 33 16
18 16 280 6.0 -20.784609690826525 34 35 17
18 17 280 4.5 -18.18653347947321 36 37 18
18 18 280 6.0 -15.588457268119896 38 39 19
18 19 280 7.5 -23.38268590217984 40 41 20
18 20 280 9.0 -20.784609690826525 42 43 21
18 21 280 7.5 -18.18653347947321 44 45 22
18 22 280 9.0 -15.588457268119896 46 47 23
18 23 280 10.5 -23.38268590217984 48 49 24
18 24 280 12.0 -20.784609690826525 50 51 25
18 25 280 10.5 -18.18653347947321 52 53 26
18 26 280 12.0 -15.588457268119896 54 55 27
18 27 280 13.5 -18.18653347947321 56 57 28
18 28 280 15.0 -15.588457268119896 58 59 29
19 1 280 -1.5 -12.99038105676658 4 5 2
19 2 280 0.0 -10.392304845413262 6 7 3
19 3 280 1.5 -12.99038105676658 8 9 4
19 4 280 3.0 -10.392304845413262 10 11 5
19 5 280 1.5 -7.794228634059948 12 13 6
19 6 280 3.0 -5.196152422706631 14 15 7
19 7 280 4.5 -12.99038105676658 16 17 8
19 8 280 6.0 -10.392304845413262 18 19 9
19 9 280 4.5 -7.794228634059948 20 21 10
19 10 280 6.0 -5.196152422706631 22 23 11
19 11 280 7.5 -12.99038105676658 24 25 12
19 12 280 9.0 -10.392304845413262 26 27 13
19 13 280 7.5 -7.794228634059948 28 29 14
19 14 280 9.0 -5.196152422706631 30 31 15
19 15 280 10.5 -12.99038105676658 32 33 16
19 16 280 12.0 -10.392304845413262 34 35 17
19 17 280 10.5 -7.794228634059948 36 37 18
19 18 280 12.0 -5.196152422706631 38 39 19
19 19 280 13.5 -12.99038105676658 40 41 20
19 20 280 15.0 -10.392304845413262 42 43 21
19 21 280 13.5 -7.794228634059948 44 45 22
19 22 280 15.0 -5.196152422706631 46 47 23
19 23 280 16.5 -12.99038105676658 48 49 24
19 24 280 18.0 -10.392304845413262 50 51 25
19 25 280 16.5 -7.794228634059948 52 53 26
19 26 280 18.0 -5.196152422706631 54 55 27
19 27 280 19.5 -7.794228634059948 56 57 28
19 28 280 21.0 -5.196152422706631 58 59 29
20 1 280 4.5 -2.5980762113533156 4 5 2
20 2 280 6.0 0.0 6 7 3
20 3 280 7.5 -2.5980762113533156 8 9 4
20 4 280 9.0 0.0 10 11 5
20 5 280 7.5 2.5980762113533156 12 13 6
20 6 280 9.0 5.196152422706631 14 15 7
20 7 280 10.5 -2.5980762113533156 16 17 8
20 8 280 12.0 0.0 18 19 9
20 9 280 10.5 2.5980762113533156 20 21 10
20 10 280 12.0 5.196152422706631 22 23 11
20 11 280 13.5 -2.5980762113533156 24 25 12
20 12 280 15.0 0.0 26 27 13
20 13 280 13.5 2.5980762113533156 28 29 14
20 14 280 15.0 5.196152422706631 30 31 15
20 15 280 16.5 -2.5980762113533156 32 33 16
20 16 280 18.0 0.0 34 35 17
20 17 280 16.5 2.5980762113533156 36 37 18
20 18 280 18.0 5.196152422706631 38 39 19
20 19 280 19.5 -2.5980762113533156 40 41 20
20 20 280 21.0 0.0 42 43 21
20 21 280 19.5 2.5980762113533156 44 45 22
20 22 280 21.0 5.196152422706631 46 47 23
20 23 280 22.5 -2.5980762113533156 48 49 24
20 24 280 24.0 0.0 50 51 25
20 25 280 22.5 2.5980762113533156 52 53 26
20 26 280 24.0 5.196152422706631 54 55 27
20 27 280 25.5 2.5980762113533156 56 57 28
20 28 280 27.0 5.196152422706631 58 59 29
21 1 280 10.5 7.794228634059948 4 5 2
21 2 280 12.0 10.392304845413262 6 7 3
21 3 280 13.5 7.794228634059948 8 9 4
21 4 280 15.0 10.392304845413262 10 11 5
21 5 280 13.5 12.99038105676658 12 13 6
21 6 280 15.0 15.588457268119896 14 15 7
21 7 280 16.5 7.794228634059948 16 17 8
21 8 280 18.0 10.392304845413262 18 19 9
21 9 280 16.5 12.99038105676658 20 21 10
21 10 280 18.0 15.588457268119896 22 23 11
21 11 280 19.5 7.794228634059948 24 25 12
21 12 280 21.0 10.392304845413262 26 27 13
21 13 280 19.5 12.99038105676658 28 29 14
21 14 280 21.0 15.588457268119896 30 31 15
21 15 280 22.5 7.794228634059948 32 33 16
21 16 280 24.0 10.392304845413262 34 35 17
21 17 280 22.5 12.99038105676658 36 37 18
21 18 280 24.0 15.588457268119896 38 39 19
21 19 280 25.5 7.794228634059948 40 41 20
21 20 280 27.0 10.392304845413262 42 43 21
21 21 280 25.5 12.99038105676658 44 45 22
21 22 280 27.0 15.588457268119896 46 47 23
21 23 280 28.5 7.794228634059948 48 49 24
21 24 280 30.0 10.392304845413262 50 51 25
21 25 280 28.5 12.99038105676658 52 53 26
21 26 280 30.0 15.588457268119896 54 55 27
21 27 280 31.5 12.99038105676658 56 57 28
21 28 280 33.0 15.588457268119896 58 59 29
22 1 280 16.5 18.18653347947321 4 5 2
22 2 280 18.0 20.784609690826525 6 7 3
22 3 280 19.5 18.18653347947321 8 9 4
22 4 280 21.0 20.784609690826525 10 11 5
22 5 280 19.5 23.38268590217984 12 13 6
22 6 280 21.0 25.98076211353316 14 15 7
22 7 280 22.5 18.18653347947321 16 17 8
22 8 280 24.0 20.784609690826525 18 19 9
22 9 280 22.5 23.38268590217984 20 21 10
22 10 280 24.0 25.98076211353316 22 23 11
22 11 280 25.5 18.18653347947321 24 25 12
22 12 280 27.0 20.784609690826525 26 27 13
22 13 280 25.5 23.38268590217984 28 29 14
22 14 280 27.0 25.98076211353316 30 31 15
22 15 280 28.5 18.18653347947321 32 33 16
22 16 280 30.0 20.784609690826525 34 35 17
22 17 280 28.5 23.38268590217984 36 37 18
22 18 280 30.0 25.98076211353316 38 39 19
22 19 280 31.5 18.18653347947321 40 41 20
22 20 280 33.0 20.784609690826525 42 43 21
22 21 280 31.5 23.38268590217984 44 45 22
22 22 280 34.5 18.18653347947321 46 47 23
23 1 280 7.5 -33.774990747593094 4 5 2
23 2 280 9.0 -31.176914536239792 6 7 3
23 3 280 10.5 -33.774990747593094 8 9 4
23 4 280 12.0 -31.176914536239792 10 11 5
23 5 280 10.5 -28.578838324886476 12 13 6
23 6 280 12.0 -25.98076211353316 14 15 7
23 7 280 13.5 -33.774990747593094 16 17 8
23 8 280 15.0 -31.176914536239792 18 19 9
23 9 280 13.5 -28.578838324886476 20 21 10
23 10 280 15.0 -25.98076211353316 22 23 11
23 11 280 16.5 -33.774990747593094 24 25 12
23 12 280 18.0 -31.176914536239792 26 27 13
23 13 280 16.5 -28.578838324886476 28 29 14
23 14 280 18.0 -25.98076211353316 30 31 15
23 15 280 19.5 -33.774990747593094 32 33 16
23 16 280 21.0 -31.176914536239792 34 35 17
23 17 280 19.5 -28.578838324886476 36 37 18
23 18 280 21.0 -25.98076211353316 38 39 19
23 19 280 22.5 -33.774990747593094 40 41 20
23 20 280 24.0 -31.176914536239792 42 43 21
23 21 280 22.5 -28.578838324886476 44 45 22
23 22 280 24.0 -25.98076211353316 46 47 23
23 23 280 27.0 -31.176914536239792 48 49 24
23 24 280 25.5 -28.578838324886476 50 51 25
23 25 280 27.0 -25.98076211353316 52 53 26
23 26 280 28.5 -28.578838324886476 54 55 27
23 27 280 30.0 -25.98076211353316 56 57 28
24 1 280 13.5 -23.38268590217984 4 5 2
24 2 280 15.0 -20.784609690826525 6 7 3
24 3 280 16.5 -23.38268590217984 8 9 4
24 4 280 18.0 -20.784609690826525 10 11 5
24 5 280 16.5 -18.18653347947321 12 13 6
24 6 280 18.0 -15.588457268119896 14 15 7
24 7 280 19.5 -23.38268590217984 16 17 8
24 8 280 21.0 -20.784609690826525 18 19 9
24 9 280 19.5 -18.18653347947321 20 21 10
24 10 280 21.0 -15.588457268119896 22 23 11
24 11 280 22.5 -23.38268590217984 24 25 12
24 12 280 24.0 -20.784609690826525 26 27 13
24 13 280 22.5 -18.18653347947321 28 29 14
24 14 280 24.0 -15.588457268119896 30 31 15
24 15 280 25.5 -23.38268590217984 32 33 16
24 16 280 27.0 -20.784609690826525 34 35 17
24 17 280 25.5 -18.18653347947321 36 37 18
24 18 280 27.0 -15.588457268119896 38 39 19
24 19 280 28.5 -23.38268590217984 40 41 20
24 20 280 30.0 -20.784609690826525 42 43 21
24 21 280 28.5 -18.18653347947321 44 45 22
24 22 280 30.0 -15.588457268119896 46 47 23
24 23 280 31.5 -23.38268590217984 48 49 24
24 24 280 33.0 -20.784609690826525 50 51 25
24 25 280 31.5 -18.18653347947321 52 53 26
24 26 280 33.0 -15.588457268119896 54 55 27
24 27 280 34.5 -18.18653347947321 56 57 28
24 28 280 36.0 -15.588457268119896 58 59 29
25 1 280 19.5 -12.99038105676658 4 5 2
25 2 280 21.0 -10.392304845413262 6 7 3
25 3 280 22.5 -12.99038105676658 8 9 4
25 4 280 24.0 -10.392304845413262 10 11 5
25 5 280 22.5 -7.794228634059948 12 13 6
25 6 280 24.0 -5.196152422706631 14 15 7
25 7 280 25.5 -12.99038105676658 16 17 8
25 8 280 27.0 -10.392304845413262 18 19 9
25 9 280 25.5 -7.794228634059948 20 21 10
25 10 280 27.0 -5.196152422706631 22 23 11
25 11 280 28.5 -12.99038105676658 24 25 12
25 12 280 30.0 -10.392304845413262 26 27 13
25 13 280 28.5 -7.794228634059948 28 29 14
25 14 280 30.0 -5.196152422706631 30 31 15
25 15 280 31.5 -12.99038105676658 32 33 16
25 16 280 33.0 -10.392304845413262 34 35 17
25 17 280 31.5 -7.794228634059948 36 37 18
25 18 280 33.0 -5.196152422706631 38 39 19
25 19 280 34.5 -12.99038105676658 40 41 20
25 20 280 36.0 -10.392304845413262 42 43 21
25 21 280 34.5 -7.794228634059948 44 45 22
25 22 280 36.0 -5.196152422706631 46 47 23
25 23 280 37.5 -12.99038105676658 48 49 24
25 24 280 39.0 -10.392304845413262 50 51 25
25 25 280 37.5 -7.794228634059948 52 53 26
25 26 280 39.0 -5.196152422706631 54 55 27
25 27 280 40.5 -7.794228634059948 56 57 28
26 1 280 25.5 -2.5980762113533156 4 5 2
26 2 280 27.0 0.0 6 7 3
26 3 280 28.5 -2.5980762113533156 8 9 4
26 4 280 30.0 0.0 10 11 5
26 5 280 28.5 2.5980762113533156 12 13 6
26 6 280 30.0 5.196152422706631 14 15 7
26 7 280 31.5 -2.5980762113533156 16 17 8
26 8 280 33.0 0.0 18 19 9
26 9 280 31.5 2.5980762113533156 20 21 10
26 10 280 33.0 5.196152422706631 22 23 11
26 11 280 34.5 -2.5980762113533156 24 25 12
26 12 280 36.0 0.0 26 27 13
26 13 280 34.5 2.5980762113533156 28 29 14
26 14 280 36.0 5.196152422706631 30 31 15
26 15 280 37.5 -2.5980762113533156 32 33 16
26 16 280 39.0 0.0 34 35 17
26 17 280 37.5 2.5980762113533156 36 37 18
26 18 280 39.0 5.196152422706631 38 39 19
26 19 280 40.5 -2.5980762113533156 40 41 20
26 20 280 40.5 2.5980762113533156 42 43 21
27 1 280 31.5 7.794228634059948 4 5 2
27 2 280 33.0 10.392304845413262 6 7 3
27 3 280 34.5 7.794228634059948 8 9 4
27 4 280 36.0 10.392304845413262 10 11 5
27 5 280 34.5 12.99038105676658 12 13 6
27 6 280 36.0 15.588457268119896 14 15 7
27 7 280 37.5 7.794228634059948 16 17 8
27 8 280 39.0 10.392304845413262 18 19 9
27 9 280 37.5 12.99038105676658 20 21 10
27 10 280 40.5 7.794228634059948 22 23 11
