X, Y, Z, X0, Y0, Z0, R
-930.000000 -1610.807251 379.313555 19.141556 33.154147 9687.724871 9500.000000
-310.000000 -1610.807251 292.231500 4.880887 25.361834 9644.974453 9500.000000
310.000000 -1610.807251 292.231500 -4.880887 25.361834 9644.974453 9500.000000
930.000000 -1610.807251 379.313555 -19.141556 33.154147 9687.724871 9500.000000
-1240.000000 -1073.871501 292.231500 19.523549 16.907890 9644.974453 9500.000000
-620.000000 -1073.871501 164.708297 5.445606 9.432066 9581.994062 9500.000000
0.000000 -1073.871501 122.981522 0.000000 7.019083 9561.290456 9500.000000
620.000000 -1073.871501 164.708297 -5.445606 9.432066 9581.994062 9500.000000
1240.000000 -1073.871501 292.231500 -19.523549 16.907890 9644.974453 9500.000000
-1550.000000 -536.935750 292.231500 24.404437 8.453945 9644.974453 9500.000000
-930.000000 -536.935750 122.981522 6.078704 3.509542 9561.290456 9500.000000
-310.000000 -536.935750 40.636986 0.665159 1.152090 9520.296718 9500.000000
310.000000 -536.935750 40.636986 -0.665159 1.152090 9520.296718 9500.000000
930.000000 -536.935750 122.981522 -6.078704 3.509542 9561.290456 9500.000000
1550.000000 -536.935750 292.231500 -24.404437 8.453945 9644.974453 9500.000000
-1240.000000 0.000000 164.708297 10.891212 0.000000 9581.994062 9500.000000
-620.000000 0.000000 40.636986 1.330318 0.000000 9520.296718 9500.000000
0.000000 0.000000 0.000000 0.000000 0.000000 9500.000000 9500.000000
620.000000 0.000000 40.636986 -1.330318 0.000000 9520.296718 9500.000000
1240.000000 0.000000 164.708297 -10.891212 0.000000 9581.994062 9500.000000
-1550.000000 536.935750 292.231500 24.404437 -8.453945 9644.974453 9500.000000
-930.000000 536.935750 122.981522 6.078704 -3.509542 9561.290456 9500.000000
-310.000000 536.935750 40.636986 0.665159 -1.152090 9520.296718 9500.000000
310.000000 536.935750 40.636986 -0.665159 -1.152090 9520.296718 9500.000000
930.000000 536.935750 122.981522 -6.078704 -3.509542 9561.290456 9500.000000
1550.000000 536.935750 292.231500 -24.404437 -8.453945 9644.974453 9500.000000
-1240.000000 1073.871501 292.231500 19.523549 -16.907890 9644.974453 9500.000000
-620.000000 1073.871501 164.708297 5.445606 -9.432066 9581.994062 9500.000000
0.000000 1073.871501 122.981522 0.000000 -7.019083 9561.290456 9500.000000
620.000000 1073.871501 164.708297 -5.445606 -9.432066 9581.994062 9500.000000
1240.000000 1073.871501 292.231500 -19.523549 -16.907890 9644.974453 9500.000000
-930.000000 1610.807251 379.313555 19.141556 -33.154147 9687.724871 9500.000000
-310.000000 1610.807251 292.231500 4.880887 -25.361834 9644.974453 9500.000000
310.000000 1610.807251 292.231500 -4.880887 -25.361834 9644.974453 9500.000000
930.000000 1610.807251 379.313555 -19.141556 -33.154147 9687.724871 9500.000000
